"acc_x, w/ unit g","acc_y, w/ unit g","acc_z, w/ unit g","gyro_x, w/ unit dps","gyro_y, w/ unit dps","gyro_z, w/ unit dps"
0.949884593486786,0.270343393087387,-0.244538381695747,-48.16796875,-17.909912109375,-0.279296547174454
0.953318357467651,0.277581661939621,-0.229897767305374,-49.37646484375,-17.909912109375,-0.279296547174454
0.960186004638672,0.288439095020294,-0.211596995592117,-49.779296875,-18.312744140625,-1.08496057987213
0.956752181053162,0.288439095020294,-0.19329622387886,-4.37492895126343,-1.69987058639526,-0.208306699991226
0.949884593486786,0.288439095020294,-0.178655609488487,-1.85979282855988,-0.885730564594269,-0.738235890865326
0.936149418354034,0.292058229446411,-0.17133529484272,0.374224931001663,-0.594872295856476,-0.7663614153862
0.929281830787659,0.292058229446411,-0.164014995098114,3.59688115119934,-0.143486842513084,-0.57260274887085
0.929281830787659,0.292058229446411,-0.164014995098114,5.61104154586792,0.205368354916573,-0.772420108318329
0.925848007202148,0.295677363872528,-0.164014995098114,7.62520170211792,0.499291300773621,-0.634104549884796
0.929281830787659,0.299296498298645,-0.167675137519836,8.83369731903076,1.09746086597443,0.144280686974525
0.929281830787659,0.306534796953201,-0.17133529484272,9.23652935028076,0.594205141067505,0.812609612941742
0.936149418354034,0.310153931379318,-0.17133529484272,10.0421934127808,1.21245753765106,0.00601569842547178
0.936149418354034,0.310153931379318,-0.174995452165604,11.6535215377808,1.05995357036591,-0.699067890644073
0.932715594768524,0.313773065805435,-0.178655609488487,12.0563535690308,1.28791189193726,-0.260821312665939
0.929281830787659,0.310153931379318,-0.185975909233093,13.2648496627808,1.85346269607544,-0.587538599967957
0.925848007202148,0.310153931379318,-0.185975909233093,13.2648496627808,2.36431860923767,-0.164228826761246
0.922414243221283,0.313773065805435,-0.189636066555977,13.2648496627808,2.82815361022949,-0.146519526839256
0.925848007202148,0.313773065805435,-0.19329622387886,14.4733457565308,2.53003215789795,0.229294076561928
0.922414243221283,0.313773065805435,-0.200616538524628,14.8761777877808,2.62939977645874,-0.155581921339035
0.925848007202148,0.310153931379318,-0.207936838269234,15.2790098190308,3.03223180770874,-0.139727041125298
0.925848007202148,0.317392200231552,-0.211596995592117,14.4733457565308,3.03223180770874,-0.125664338469505
0.922414243221283,0.317392200231552,-0.211596995592117,13.2648496627808,3.03223180770874,0.249555811285973
0.922414243221283,0.324630498886108,-0.215257152915001,13.2648496627808,2.62939977645874,0.587937235832214
0.922414243221283,0.324630498886108,-0.211596995592117,11.6535215377808,2.62939977645874,0.89355742931366
0.929281830787659,0.331868767738342,-0.215257152915001,10.8478574752808,2.22656774520874,0.813716769218445
0.936149418354034,0.328249633312225,-0.207936838269234,10.4450254440308,2.3828456401825,0.746972918510437
0.9395831823349,0.331868767738342,-0.207936838269234,11.6535215377808,1.81026792526245,-0.0542419664561749
0.9395831823349,0.331868767738342,-0.200616538524628,12.4591856002808,1.29630410671234,-0.799312174320221
0.9395831823349,0.324630498886108,-0.196956381201744,9.98571586608887,1.57479000091553,-0.746695101261139
0.936149418354034,0.324630498886108,-0.200616538524628,7.68348836898804,1.46740233898163,-0.700576841831207
0.932715594768524,0.324630498886108,-0.200616538524628,6.74868297576904,1.37372541427612,0.0989741757512093
0.932715594768524,0.324630498886108,-0.20427668094635,5.79077386856079,0.912631452083588,0.0935331359505653
0.932715594768524,0.328249633312225,-0.207936838269234,5.42375659942627,1.24099206924438,0.0886590778827667
0.932715594768524,0.331868767738342,-0.207936838269234,4.82412910461426,0.793251395225525,-0.681491434574127
0.925848007202148,0.335487902164459,-0.207936838269234,3.98115682601929,1.13524556159973,-0.265508413314819
0.922414243221283,0.335487902164459,-0.20427668094635,3.62071442604065,1.080286860466,-0.253542512655258
0.915546596050262,0.339107036590576,-0.200616538524628,3.32011985778809,1.03039383888245,0.142851367592812
0.915546596050262,0.339107036590576,-0.196956381201744,3.80951476097107,0.984896600246429,0.52312308549881
0.922414243221283,0.339107036590576,-0.196956381201744,3.9124321937561,0.943238258361816,0.8891921043396
0.925848007202148,0.339107036590576,-0.196956381201744,3.65238571166992,0.90495228767395,0.467787146568298
0.925848007202148,0.339107036590576,-0.196956381201744,4.55793046951294,0.482529610395432,0.45058012008667
0.929281830787659,0.339107036590576,-0.196956381201744,4.29052639007568,0.0767041444778442,0.43459364771843
0.929281830787659,0.342726200819016,-0.19329622387886,4.81377553939819,-0.314318895339966,-0.358355671167374
0.922414243221283,0.346345335245132,-0.196956381201744,4.56101751327515,0.474170863628387,-0.735969007015228
0.922414243221283,0.342726200819016,-0.200616538524628,3.56800746917725,-0.320294559001923,0.457373529672623
0.925848007202148,0.346345335245132,-0.200616538524628,2.63108396530151,0.0798395052552223,0.443161249160767
0.918980419635773,0.349964469671249,-0.19329622387886,2.89629173278809,0.0773115828633308,0.0391137562692165
0.915546596050262,0.349964469671249,-0.185975909233093,3.54131436347961,0.465403109788895,0.0379690602421761
0.912112832069397,0.349964469671249,-0.182315766811371,4.16619157791138,0.451536297798157,0.0368890985846519
0.918980419635773,0.349964469671249,-0.178655609488487,4.38658952713013,0.829640746116638,0.427555829286575
0.918980419635773,0.349964469671249,-0.174995452165604,4.9928936958313,0.806296348571777,0.808025002479553
0.918980419635773,0.349964469671249,-0.178655609488487,5.97208786010742,0.784222185611725,0.394563168287277
0.925848007202148,0.353583604097366,-0.178655609488487,6.92454147338867,1.15541064739227,0.384473115205765
0.932715594768524,0.357202738523483,-0.182315766811371,6.11887741088867,0.733030676841736,0.374882578849792
0.932715594768524,0.360821902751923,-0.182315766811371,5.71604537963867,0.714465618133545,0.758779585361481
0.936149418354034,0.36444103717804,-0.178655609488487,6.11887741088867,0.696810901165009,0.34748387336731
0.929281830787659,0.368060171604156,-0.174995452165604,6.11887741088867,0.680001020431519,-0.841006457805634
0.922414243221283,0.368060171604156,-0.167675137519836,6.92454147338867,1.05731570720673,-0.821908473968506
0.918980419635773,0.36444103717804,-0.164014995098114,8.13303756713867,1.03296327590942,0.378000020980835
0.918980419635773,0.368060171604156,-0.16035483777523,9.34153366088867,1.40346884727478,-0.0242921523749828
0.918980419635773,0.368060171604156,-0.16035483777523,10.9528617858887,1.766526222229,0.370481640100479
0.915546596050262,0.368060171604156,-0.164014995098114,12.1613578796387,1.72846388816833,0.362755805253983
0.915546596050262,0.371679306030273,-0.167675137519836,13.3698539733887,2.08634066581726,0.749941408634186
0.912112832069397,0.37529844045639,-0.167675137519836,14.1755180358887,2.04324054718018,0.340154200792313
0.912112832069397,0.37529844045639,-0.17133529484272,14.9811820983887,2.00188326835632,0.728384017944336
0.905245244503021,0.371679306030273,-0.167675137519836,14.9811820983887,2.35700464248657,0.714337706565857
0.908679008483887,0.378917574882507,-0.167675137519836,16.1896781921387,2.70614314079285,0.700815975666046
0.908679008483887,0.378917574882507,-0.167675137519836,16.9953422546387,2.65449619293213,1.08314406871796
0.918980419635773,0.378917574882507,-0.17133529484272,17.3981742858887,3.00006866455078,1.45887124538422
0.925848007202148,0.378917574882507,-0.174995452165604,18.2038383483887,2.94491410255432,0.641505241394043
0.929281830787659,0.378917574882507,-0.178655609488487,17.8010063171387,2.89175081253052,0.234472513198853
0.918980419635773,0.378917574882507,-0.178655609488487,18.2038383483887,3.23616147041321,0.230416879057884
0.915546596050262,0.37529844045639,-0.178655609488487,18.2038383483887,3.17977547645569,0.226498916745186
0.905245244503021,0.378917574882507,-0.174995452165604,18.6066703796387,2.72938704490662,1.01490473747253
0.905245244503021,0.386155873537064,-0.178655609488487,18.2038383483887,3.87158036231995,0.998213231563568
0.901811420917511,0.389775007963181,-0.178655609488487,18.2038383483887,3.80747270584106,1.77468836307526
0.912112832069397,0.37529844045639,-0.17133529484272,17.8010063171387,3.74545335769653,0.953592956066132
0.915546596050262,0.382536739110947,-0.164014995098114,17.8010063171387,3.68542170524597,0.938636183738708
0.915546596050262,0.378917574882507,-0.164014995098114,18.2038383483887,3.62728357315063,0.527524828910828
0.912112832069397,0.382536739110947,-0.164014995098114,19.0095024108887,3.57095098495483,0.916190624237061
0.915546596050262,0.382536739110947,-0.167675137519836,20.2179985046387,3.51633787155151,1.69601309299469
0.915546596050262,0.386155873537064,-0.164014995098114,18.743968963623,3.06660294532776,1.27404737472534
0.915546596050262,0.386155873537064,-0.167675137519836,18.8989410400391,4.2116494178772,0.858504474163055
0.915546596050262,0.389775007963181,-0.167675137519836,19.0698795318604,3.35617065429688,1.24318623542786
0.915546596050262,0.389775007963181,-0.167675137519836,18.0845050811768,2.91076397895813,1.22553884983063
0.912112832069397,0.389775007963181,-0.17133529484272,17.9278621673584,3.66361045837402,1.20837354660034
0.912112832069397,0.393394142389297,-0.17133529484272,17.01025390625,4.00945663452148,1.19167065620422
0.905245244503021,0.389775007963181,-0.17133529484272,16.5248546600342,3.95404171943665,1.17541170120239
0.908679008483887,0.389775007963181,-0.17133529484272,16.458044052124,4.2974739074707,0.762172996997833
0.912112832069397,0.389775007963181,-0.17133529484272,16.0137557983398,3.8422544002533,0.354561507701874
0.908679008483887,0.393394142389297,-0.17133529484272,15.9850664138794,3.79125380516052,1.54252552986145
0.912112832069397,0.393394142389297,-0.17133529484272,15.575647354126,3.74158573150635,1.52251088619232
0.912112832069397,0.389775007963181,-0.17133529484272,15.1866760253906,4.09082126617432,1.10532593727112
0.908679008483887,0.389775007963181,-0.17133529484272,15.6026916503906,4.0385890007019,0.693595945835114
0.901811420917511,0.389775007963181,-0.178655609488487,15.23157787323,3.98766994476318,1.08270335197449
0.901811420917511,0.386155873537064,-0.174995452165604,14.87770652771,4.33583068847656,1.46715533733368
0.898377656936646,0.393394142389297,-0.178655609488487,14.1462173461914,4.28250026702881,1.84711527824402
0.894943833351135,0.397013276815414,-0.174995452165604,13.4382629394531,4.23046159744263,1.82477784156799
0.905245244503021,0.397013276815414,-0.17133529484272,13.1463823318481,4.57766342163086,1.80295646190643
0.912112832069397,0.400632441043854,-0.167675137519836,12.8668994903564,4.52334928512573,1.78163313865662
0.915546596050262,0.404251575469971,-0.167675137519836,12.9934854507446,4.0721960067749,0.964551866054535
0.918980419635773,0.400632441043854,-0.164014995098114,13.5177268981934,4.42315340042114,0.555219113826752
0.912112832069397,0.404251575469971,-0.16035483777523,13.6423215866089,4.37246370315552,0.548861742019653
0.912112832069397,0.400632441043854,-0.167675137519836,14.1648511886597,3.92465043067932,0.940910696983337
0.912112832069397,0.400632441043854,-0.17133529484272,13.8925867080688,3.88063907623291,1.72698998451233
0.915546596050262,0.400632441043854,-0.17133529484272,13.6305904388428,3.83756589889526,1.70783793926239
0.912112832069397,0.397013276815414,-0.174995452165604,13.3782911300659,3.39699506759644,1.29069101810455
0.908679008483887,0.393394142389297,-0.178655609488487,13.5306720733643,3.75849318504333,1.2766854763031
0.905245244503021,0.397013276815414,-0.182315766811371,13.6848030090332,3.71801209449768,1.26296818256378
0.905245244503021,0.397013276815414,-0.182315766811371,13.4448223114014,3.67835736274719,1.64807593822479
0.905245244503021,0.397013276815414,-0.185975909233093,13.2131118774414,3.63950371742249,1.6307088136673
0.905245244503021,0.400632441043854,-0.185975909233093,12.9892520904541,3.60142660140991,1.61368799209595
0.908679008483887,0.397013276815414,-0.185975909233093,12.3767290115356,3.56410264968872,1.59700286388397
0.905245244503021,0.397013276815414,-0.185975909233093,11.7776784896851,3.12881326675415,1.58064377307892
0.908679008483887,0.397013276815414,-0.185975909233093,11.5877857208252,2.69825100898743,1.96334421634674
0.905245244503021,0.397013276815414,-0.185975909233093,10.6110382080078,2.67105269432068,1.94359803199768
0.905245244503021,0.397013276815414,-0.185975909233093,10.0487585067749,2.64437103271484,1.92422604560852
0.908679008483887,0.397013276815414,-0.185975909233093,9.89421367645264,2.61819124221802,1.9052175283432
0.905245244503021,0.397013276815414,-0.185975909233093,9.74434089660645,2.59249901771545,1.48767459392548
0.905245244503021,0.400632441043854,-0.182315766811371,9.20211029052734,2.56728100776672,1.47323441505432
0.905245244503021,0.397013276815414,-0.182315766811371,9.06680297851562,2.94147062301636,1.45905733108521
0.905245244503021,0.397013276815414,-0.185975909233093,8.53841304779053,2.51436638832092,1.44513630867004
0.901811420917511,0.397013276815414,-0.182315766811371,8.01936435699463,2.49052906036377,1.83048510551453
0.905245244503021,0.397013276815414,-0.182315766811371,7.90642070770264,2.06807017326355,1.81331157684326
0.905245244503021,0.393394142389297,-0.182315766811371,7.79661273956299,2.44786477088928,1.79643952846527
0.898377656936646,0.397013276815414,-0.178655609488487,7.68981313705444,2.42522883415222,2.17897534370422
0.901811420917511,0.400632441043854,-0.174995452165604,7.58589887619019,2.40298414230347,2.15902900695801
0.905245244503021,0.400632441043854,-0.17133529484272,7.48475456237793,2.38111996650696,2.13942337036133
0.908679008483887,0.400632441043854,-0.17133529484272,7.38627147674561,2.35962677001953,2.51935243606567
0.912112832069397,0.400632441043854,-0.17133529484272,7.68794631958008,1.9392706155777,2.09760236740112
0.915546596050262,0.404251575469971,-0.17133529484272,7.9870491027832,2.32129096984863,1.67973947525024
0.915546596050262,0.400632441043854,-0.167675137519836,7.88593864440918,2.30082297325134,1.66495645046234
0.912112832069397,0.397013276815414,-0.164014995098114,7.78734827041626,2.28069043159485,1.65041506290436
0.905245244503021,0.397013276815414,-0.167675137519836,7.69118499755859,2.26088452339172,1.63610923290253
0.908679008483887,0.397013276815414,-0.164014995098114,8.39319610595703,2.24139761924744,2.02139949798584
0.905245244503021,0.400632441043854,-0.17133529484272,8.29203319549561,2.2222216129303,1.60474514961243
0.908679008483887,0.404251575469971,-0.17133529484272,7.79523754119873,2.20334911346436,1.99055826663971
0.912112832069397,0.400632441043854,-0.167675137519836,8.1015682220459,2.18477272987366,1.97380590438843
0.908679008483887,0.397013276815414,-0.17133529484272,8.40544986724854,2.16648554801941,1.55784749984741
0.915546596050262,0.397013276815414,-0.17133529484272,7.910569190979,2.14848065376282,1.9444135427475
0.908679008483887,0.397013276815414,-0.17133529484272,7.82060575485229,2.13075137138367,1.9283961057663
0.905245244503021,0.397013276815414,-0.17133529484272,8.13096046447754,2.51282238960266,1.91262137889862
0.908679008483887,0.400632441043854,-0.167675137519836,8.43888282775879,2.49237442016602,2.29664349555969
0.908679008483887,0.400632441043854,-0.167675137519836,8.34605407714844,2.07265520095825,1.8785320520401
0.908679008483887,0.397013276815414,-0.167675137519836,7.85678768157959,2.05601859092712,1.8634786605835
0.912112832069397,0.397013276815414,-0.17133529484272,8.17070198059082,2.03962659835815,1.84864640235901
0.908679008483887,0.397013276815414,-0.17133529484272,7.68512916564941,2.0234739780426,1.83403015136719
0.908679008483887,0.393394142389297,-0.174995452165604,8.00271129608154,2.00755524635315,1.81962513923645
0.908679008483887,0.397013276815414,-0.174995452165604,8.31786155700684,1.99186515808105,1.80542683601379
0.905245244503021,0.397013276815414,-0.174995452165604,7.83330917358398,1.97639894485474,1.79143047332764
0.905245244503021,0.400632441043854,-0.17133529484272,7.35453605651855,1.96115148067474,1.77763187885284
0.905245244503021,0.397013276815414,-0.17133529484272,7.67888116836548,2.34586238861084,1.76402676105499
0.908679008483887,0.397013276815414,-0.174995452165604,7.601891040802,1.92823004722595,1.75061094760895
0.912112832069397,0.397013276815414,-0.17133529484272,7.52635478973389,1.9136346578598,2.13716793060303
0.908679008483887,0.397013276815414,-0.174995452165604,7.45223140716553,1.89923965930939,1.72130954265594
0.908679008483887,0.393394142389297,-0.17133529484272,6.98058080673218,1.88504087924957,1.70846045017242
0.908679008483887,0.397013276815414,-0.17133529484272,7.31195831298828,2.27087306976318,2.09562826156616
0.915546596050262,0.397013276815414,-0.167675137519836,7.24180173873901,1.85424482822418,2.08017420768738
0.908679008483887,0.397013276815414,-0.167675137519836,7.17290782928467,2.24050736427307,1.66504657268524
0.908679008483887,0.397013276815414,-0.167675137519836,7.1052417755127,1.82426488399506,1.65291368961334
0.908679008483887,0.393394142389297,-0.167675137519836,7.03877067565918,1.81103074550629,1.24102604389191
0.908679008483887,0.393394142389297,-0.17133529484272,7.37255716323853,1.79796946048737,2.0319504737854
0.908679008483887,0.393394142389297,-0.17133529484272,7.30470895767212,1.78507745265961,2.01740145683289
0.912112832069397,0.393394142389297,-0.174995452165604,6.83887147903442,1.7723513841629,2.00303936004639
0.905245244503021,0.393394142389297,-0.17133529484272,6.77693891525269,0.959834933280945,2.38884115219116
0.912112832069397,0.397013276815414,-0.17133529484272,6.71605110168457,1.35306227207184,2.3720269203186
0.915546596050262,0.397013276815414,-0.17133529484272,6.65618181228638,1.34357857704163,2.35542416572571
0.918980419635773,0.397013276815414,-0.167675137519836,6.19803667068481,0.93418949842453,1.93900096416473
0.918980419635773,0.389775007963181,-0.167675137519836,6.94222450256348,1.32775366306305,1.92557847499847
0.918980419635773,0.389775007963181,-0.17133529484272,7.28107309341431,0.918545365333557,1.5122629404068
0.915546596050262,0.389775007963181,-0.17133529484272,7.21812295913696,1.31231737136841,1.50190794467926
0.912112832069397,0.389775007963181,-0.17133529484272,6.75680589675903,1.30336773395538,1.49167883396149
0.905245244503021,0.386155873537064,-0.174995452165604,6.69924926757812,0.894427061080933,2.28177952766418
0.905245244503021,0.389775007963181,-0.17133529484272,6.64259958267212,1.2885057926178,2.26640319824219
0.912112832069397,0.389775007963181,-0.17133529484272,6.9862847328186,1.27985715866089,1.851078748703
0.908679008483887,0.389775007963181,-0.174995452165604,6.928053855896,0.871168971061707,2.23887991905212
0.918980419635773,0.389775007963181,-0.174995452165604,6.87071800231934,0.865381956100464,2.22402620315552
0.915546596050262,0.389775007963181,-0.174995452165604,6.81425523757935,0.859662711620331,2.20934629440308
0.915546596050262,0.386155873537064,-0.17133529484272,6.75864601135254,0.854010164737701,1.79465067386627
0.905245244503021,0.386155873537064,-0.17133529484272,6.70387077331543,0.848422944545746,1.78292405605316
0.901811420917511,0.389775007963181,-0.17133529484272,6.64990997314453,1.24310982227325,1.77133214473724
0.908679008483887,0.386155873537064,-0.167675137519836,6.99635744094849,1.23505771160126,2.16009831428528
0.912112832069397,0.386155873537064,-0.174995452165604,6.54116487503052,1.22709703445435,2.14619207382202
0.915546596050262,0.389775007963181,-0.17133529484272,6.48956537246704,0.818978011608124,2.13244247436523
0.915546596050262,0.386155873537064,-0.174995452165604,6.03903436660767,1.21401107311249,1.71858310699463
0.912112832069397,0.386155873537064,-0.174995452165604,5.99201726913452,1.6065719127655,1.70767855644226
0.905245244503021,0.386155873537064,-0.17133529484272,5.94566822052002,1.19612944126129,1.29660654067993
0.905245244503021,0.386155873537064,-0.17133529484272,5.8999719619751,1.58890008926392,1.68875730037689
0.912112832069397,0.389775007963181,-0.17133529484272,5.45515871047974,1.5789487361908,2.07850480079651
0.912112832069397,0.386155873537064,-0.17133529484272,5.41376066207886,1.56910574436188,1.66523861885071
0.918980419635773,0.389775007963181,-0.167675137519836,5.37293243408203,1.15903687477112,2.05525255203247
0.915546596050262,0.389775007963181,-0.17133529484272,5.33266258239746,1.15187776088715,1.24187862873077
0.915546596050262,0.389775007963181,-0.17133529484272,5.29293966293335,1.14479517936707,1.23425126075745
0.915546596050262,0.389775007963181,-0.167675137519836,6.05345058441162,1.53815412521362,1.62707364559174
0.912112832069397,0.389775007963181,-0.167675137519836,5.20916700363159,1.52878105640411,1.61716973781586
0.908679008483887,0.386155873537064,-0.167675137519836,5.17106008529663,1.11911833286285,1.60736966133118
0.912112832069397,0.386155873537064,-0.17133529484272,5.53335857391357,1.11235892772675,1.99807322025299
0.912112832069397,0.393394142389297,-0.17133529484272,5.09343576431274,1.50607919692993,1.58565843105316
0.915546596050262,0.393394142389297,-0.17133529484272,5.05682706832886,1.49706161022186,1.57617449760437
0.915546596050262,0.393394142389297,-0.174995452165604,4.62073802947998,1.08770608901978,1.16635465621948
0.912112832069397,0.393394142389297,-0.17133529484272,4.58790683746338,1.08124911785126,1.55988132953644
0.912112832069397,0.393394142389297,-0.17133529484272,4.55549430847168,1.47530853748322,1.15021693706512
0.912112832069397,0.389775007963181,-0.167675137519836,4.52349090576172,1.46662449836731,1.54391670227051
0.912112832069397,0.389775007963181,-0.164014995098114,4.49188995361328,1.45802748203278,1.53487598896027
0.915546596050262,0.386155873537064,-0.17133529484272,4.46068286895752,1.44951641559601,1.12544238567352
0.912112832069397,0.389775007963181,-0.17133529484272,4.82991170883179,0.640109300613403,1.51939880847931
0.912112832069397,0.393394142389297,-0.178655609488487,4.39665746688843,1.03690302371979,1.1101086139679
0.905245244503021,0.389775007963181,-0.178655609488487,4.36660766601562,1.03092384338379,1.10371375083923
0.908679008483887,0.389775007963181,-0.174995452165604,4.33692264556885,1.02500319480896,1.0973813533783
0.908679008483887,0.389775007963181,-0.178655609488487,3.90748739242554,1.0191398859024,1.09111022949219
0.908679008483887,0.386155873537064,-0.174995452165604,3.88120317459106,1.41387021541595,1.08489954471588
0.912112832069397,0.389775007963181,-0.17133529484272,4.25536870956421,0.604754447937012,1.07874858379364
0.912112832069397,0.389775007963181,-0.174995452165604,3.82689046859741,0.601335763931274,1.07265615463257
0.915546596050262,0.389775007963181,-0.174995452165604,3.40138173103333,0.998513162136078,1.86775314807892
0.912112832069397,0.389775007963181,-0.17133529484272,3.7791473865509,0.992911994457245,1.05613696575165
0.912112832069397,0.386155873537064,-0.17133529484272,3.35418105125427,0.586782574653625,1.05024075508118
0.912112832069397,0.389775007963181,-0.17133529484272,2.93209743499756,0.984105467796326,1.44499111175537
0.915546596050262,0.386155873537064,-0.164014995098114,2.51287150382996,0.978647649288177,1.03638458251953
0.915546596050262,0.389775007963181,-0.17133529484272,3.69736528396606,0.973240315914154,1.43127179145813
0.915546596050262,0.389775007963181,-0.167675137519836,3.27338790893555,0.967882752418518,0.221550479531288
0.908679008483887,0.386155873537064,-0.17133529484272,3.65273880958557,0.962574362754822,0.620961129665375
0.908679008483887,0.382536739110947,-0.17133529484272,4.0297908782959,1.35794508457184,1.41883623600006
0.912112832069397,0.389775007963181,-0.17133529484272,3.60401344299316,0.949912667274475,1.01047730445862
0.912112832069397,0.389775007963181,-0.17133529484272,3.18102526664734,0.94475919008255,1.00500011444092
0.918980419635773,0.386155873537064,-0.17133529484272,3.96170496940613,0.939652025699615,0.999572098255157
0.915546596050262,0.389775007963181,-0.174995452165604,3.5366735458374,0.934590518474579,0.192864432930946
0.912112832069397,0.382536739110947,-0.174995452165604,3.51471447944641,0.52890419960022,0.191830098628998
0.905245244503021,0.389775007963181,-0.174995452165604,3.09264922142029,0.926752507686615,0.992163300514221
0.912112832069397,0.389775007963181,-0.174995452165604,2.67326807975769,0.92181259393692,1.7882524728775
0.915546596050262,0.389775007963181,-0.17133529484272,3.05726003646851,0.516223788261414,0.977373421192169
0.922414243221283,0.386155873537064,-0.174995452165604,3.03861880302429,0.513491034507751,0.97220379114151
0.918980419635773,0.389775007963181,-0.17133529484272,3.42056035995483,0.510781943798065,0.566370368003845
0.915546596050262,0.386155873537064,-0.17133529484272,3.39988827705383,0.908810198307037,0.563394844532013
0.908679008483887,0.386155873537064,-0.17133529484272,3.37943077087402,0.503326654434204,0.560444891452789
0.908679008483887,0.386155873537064,-0.174995452165604,3.35918474197388,0.901425838470459,0.958249866962433
0.908679008483887,0.389775007963181,-0.174995452165604,3.33914661407471,1.29746830463409,0.953265488147736
0.908679008483887,0.386155873537064,-0.174995452165604,3.31931328773499,0.889994263648987,0.948323309421539
0.912112832069397,0.389775007963181,-0.174995452165604,2.89923167228699,0.484642744064331,0.943422734737396
0.915546596050262,0.386155873537064,-0.174995452165604,3.28261590003967,0.482144355773926,0.53780609369278
0.915546596050262,0.386155873537064,-0.17133529484272,2.86289405822754,0.880428910255432,0.53504478931427
0.915546596050262,0.386155873537064,-0.17133529484272,3.24665188789368,1.27668786048889,0.532306313514709
0.908679008483887,0.386155873537064,-0.174995452165604,3.2277672290802,1.27016925811768,0.930367290973663
0.912112832069397,0.389775007963181,-0.17133529484272,3.20906925201416,1.26370418071747,0.925635457038879
0.912112832069397,0.389775007963181,-0.17133529484272,2.79004669189453,0.856504023075104,0.920942366123199
0.915546596050262,0.389775007963181,-0.17133529484272,3.17453193664551,0.852171540260315,0.916287481784821
0.912112832069397,0.389775007963181,-0.17133529484272,3.15636324882507,0.447073638439178,0.911670386791229
0.915546596050262,0.386155873537064,-0.17133529484272,3.53890562057495,0.444826036691666,0.907090544700623
0.922414243221283,0.386155873537064,-0.174995452165604,3.91935586929321,0.041783519089222,0.501733005046844
0.918980419635773,0.386155873537064,-0.17133529484272,3.89718818664551,0.0415747277438641,0.499227672815323
0.915546596050262,0.389775007963181,-0.174995452165604,3.87523126602173,0.0413676016032696,0.496742308139801
0.912112832069397,0.389775007963181,-0.178655609488487,3.45291066169739,0.0411621145904064,0.494276642799377
0.908679008483887,0.389775007963181,-0.178655609488487,4.63534498214722,0.441795200109482,0.491830468177795
0.908679008483887,0.386155873537064,-0.182315766811371,3.80838465690613,0.439613580703735,1.29109191894531
0.915546596050262,0.386155873537064,-0.178655609488487,3.38671636581421,0.838297605514526,1.28473949432373
0.922414243221283,0.386155873537064,-0.178655609488487,3.76869940757751,0.4333276450634,0.877580761909485
0.918980419635773,0.382536739110947,-0.178655609488487,3.74807524681091,0.832066297531128,0.472426295280457
0.918980419635773,0.382536739110947,-0.178655609488487,3.72767162322998,0.828004598617554,0.470121741294861
0.912112832069397,0.382536739110947,-0.178655609488487,3.70748519897461,0.42310294508934,0.467834919691086
0.908679008483887,0.382536739110947,-0.178655609488487,3.68751263618469,0.82192587852478,0.866443634033203
0.908679008483887,0.386155873537064,-0.178655609488487,3.26704812049866,0.417065232992172,0.461369067430496
0.912112832069397,0.382536739110947,-0.174995452165604,3.65024876594543,0.415052056312561,0.860032379627228
0.912112832069397,0.386155873537064,-0.174995452165604,3.63079023361206,0.813946962356567,0.0541067831218243
0.908679008483887,0.386155873537064,-0.178655609488487,3.61150193214417,0.409141331911087,0.454746693372726
0.908679008483887,0.389775007963181,-0.174995452165604,3.59238171577454,0.407182544469833,0.452571004629135
0.912112832069397,0.386155873537064,-0.174995452165604,3.17272090911865,0.405238389968872,0.851321458816528
0.915546596050262,0.389775007963181,-0.17133529484272,3.15603733062744,0.403308689594269,0.847270250320435
0.912112832069397,0.386155873537064,-0.17133529484272,3.54021811485291,0.802312195301056,0.442328870296478
0.915546596050262,0.386155873537064,-0.174995452165604,3.52172613143921,0.798511862754822,0.841160237789154
0.915546596050262,0.389775007963181,-0.174995452165604,3.50339150428772,0.794739484786987,0.436258763074875
0.915546596050262,0.389775007963181,-0.17133529484272,3.48521208763123,1.19192862510681,0.434204429388046
0.912112832069397,0.389775007963181,-0.17133529484272,3.86793422698975,0.785388052463531,0.0312250554561615
0.908679008483887,0.389775007963181,-0.17133529484272,4.24874830245972,1.18265008926392,0.432023644447327
0.908679008483887,0.389775007963181,-0.174995452165604,4.22691440582275,0.776171803474426,0.0290552116930485
0.908679008483887,0.386155873537064,-0.174995452165604,3.80449342727661,0.772551834583282,0.429874241352081
0.912112832069397,0.389775007963181,-0.167675137519836,4.18584108352661,1.16991591453552,0.427875638008118
0.915546596050262,0.389775007963181,-0.174995452165604,4.16453409194946,1.1644868850708,0.024927468970418
0.912112832069397,0.386155873537064,-0.174995452165604,4.544189453125,1.15909647941589,0.42578062415123
0.912112832069397,0.386155873537064,-0.174995452165604,4.12040758132935,1.15374433994293,0.423815757036209
0.915546596050262,0.386155873537064,-0.174995452165604,4.50046825408936,1.14842998981476,0.0208871327340603
0.912112832069397,0.389775007963181,-0.174995452165604,4.07710695266724,1.54413390159607,0.421773344278336
0.912112832069397,0.386155873537064,-0.178655609488487,3.65592241287231,1.5370557308197,0.820827722549438
0.912112832069397,0.386155873537064,-0.178655609488487,3.6377158164978,1.12903702259064,0.0150943342596292
0.912112832069397,0.386155873537064,-0.17133529484272,3.21882200241089,1.52488076686859,0.416020900011063
0.915546596050262,0.382536739110947,-0.17133529484272,4.00456237792969,1.91893935203552,0.0131288859993219
0.915546596050262,0.386155873537064,-0.178655609488487,4.38563919067383,1.50922346115112,0.0130693092942238
0.915546596050262,0.386155873537064,-0.178655609488487,4.36405372619629,1.10137963294983,-0.387998163700104
0.912112832069397,0.378917574882507,-0.182315766811371,3.54092669487,1.09640216827393,-0.386245667934418
0.908679008483887,0.382536739110947,-0.182315766811371,3.12273836135864,1.49247431755066,0.0165116172283888
0.908679008483887,0.386155873537064,-0.182315766811371,3.50836730003357,1.48576021194458,0.417458266019821
0.908679008483887,0.382536739110947,-0.182315766811371,3.09042429924011,1.07806766033173,0.0145606128498912
0.915546596050262,0.386155873537064,-0.185975909233093,2.67455172538757,1.07323980331421,0.0144954435527325
0.912112832069397,0.389775007963181,-0.185975909233093,2.66163444519043,1.06844449043274,0.0144307110458612
0.915546596050262,0.386155873537064,-0.182315766811371,1.84704792499542,1.06368112564087,0.415403515100479
0.912112832069397,0.389775007963181,-0.182315766811371,1.8382089138031,1.05894958972931,0.0125156017020345
0.912112832069397,0.386155873537064,-0.178655609488487,2.23036551475525,0.653205335140228,0.0124600809067488
0.915546596050262,0.389775007963181,-0.178655609488487,1.8188670873642,1.05136036872864,0.814502775669098
0.912112832069397,0.386155873537064,-0.174995452165604,1.40935051441193,1.0467141866684,0.00879965908825397
0.912112832069397,0.389775007963181,-0.174995452165604,1.40272724628448,0.641042828559875,0.409817487001419
0.915546596050262,0.389775007963181,-0.167675137519836,1.79711198806763,1.03928160667419,0.00695473700761795
0.912112832069397,0.389775007963181,-0.17133529484272,1.78874158859253,1.03471827507019,0.00692421570420265
0.915546596050262,0.393394142389297,-0.167675137519836,2.18141102790833,1.03018450737,0.407961785793304
0.915546596050262,0.393394142389297,-0.167675137519836,2.57231259346008,1.02568018436432,0.00510735018178821
0.915546596050262,0.389775007963181,-0.17133529484272,2.96146941184998,1.021204829216,0.0050850766710937
0.912112832069397,0.389775007963181,-0.17133529484272,2.94791650772095,1.41783630847931,0.406141847372055
0.908679008483887,0.389775007963181,-0.17133529484272,3.73647713661194,1.0105938911438,0.00329544674605131
0.908679008483887,0.389775007963181,-0.17133529484272,3.31852078437805,1.00621151924133,0.00328116375021636
0.908679008483887,0.389775007963181,-0.174995452165604,3.70454216003418,1.00185704231262,0.404356598854065
0.908679008483887,0.389775007963181,-0.17133529484272,3.68787884712219,0.997530281543732,0.00151798129081726
0.912112832069397,0.389775007963181,-0.174995452165604,3.67136120796204,0.993230760097504,0.402608066797256
0.912112832069397,0.389775007963181,-0.174995452165604,3.65498733520508,0.988958299160004,-0.000223013368668035
0.908679008483887,0.386155873537064,-0.178655609488487,3.63875508308411,0.984712600708008,-0.000222056420170702
0.905245244503021,0.393394142389297,-0.178655609488487,3.62266278266907,0.980493485927582,-0.000221105437958613
0.905245244503021,0.389775007963181,-0.178655609488487,3.60670852661133,0.976300597190857,-0.000220160392927937
0.908679008483887,0.389775007963181,-0.178655609488487,3.59089088439941,0.972133815288544,-0.000219221197767183
0.905245244503021,0.389775007963181,-0.182315766811371,3.1741349697113,0.967992722988129,-0.000218287808820605
0.912112832069397,0.389775007963181,-0.182315766811371,3.16032886505127,0.963877201080322,0.400902807712555
0.915546596050262,0.386155873537064,-0.178655609488487,3.146639585495,0.959787011146545,0.399202346801758
0.918980419635773,0.389775007963181,-0.178655609488487,3.13306498527527,0.153470143675804,-0.00361431273631752
0.912112832069397,0.389775007963181,-0.178655609488487,1.91630005836487,0.152821332216263,-0.0035990399774164
0.912112832069397,0.389775007963181,-0.182315766811371,1.90810012817383,0.553308725357056,0.397549122571945
0.908679008483887,0.393394142389297,-0.185975909233093,1.09773778915405,0.149842873215675,0.797011613845825
0.912112832069397,0.389775007963181,-0.182315766811371,1.09307813644409,0.55035138130188,0.793662369251251
0.908679008483887,0.393394142389297,-0.182315766811371,0.687327921390533,0.548041880130768,0.389191001653671
0.912112832069397,0.393394142389297,-0.182315766811371,0.283298164606094,0.545746266841888,0.387561500072479
0.912112832069397,0.393394142389297,-0.182315766811371,-0.520175874233246,0.142316669225693,0.385941714048386
0.912112832069397,0.393394142389297,-0.178655609488487,-0.518004059791565,0.141722679138184,0.384331613779068
0.912112832069397,0.393394142389297,-0.174995452165604,-0.515850305557251,0.542285919189453,-0.0184233821928501
0.912112832069397,0.393394142389297,-0.17133529484272,-0.914878308773041,0.138873904943466,0.382810592651367
0.912112832069397,0.393394142389297,-0.17133529484272,-0.509934723377228,0.138297349214554,-0.019938338547945
0.912112832069397,0.393394142389297,-0.167675137519836,-0.106662847101688,0.137724190950394,0.381307512521744
0.912112832069397,0.397013276815414,-0.174995452165604,-0.106226570904255,-0.264011025428772,0.379730641841888
0.912112832069397,0.400632441043854,-0.17133529484272,0.295397192239761,0.138247653841972,0.779331982135773
0.908679008483887,0.397013276815414,-0.164014995098114,0.29419869184494,-0.26349350810051,0.776120126247406
0.908679008483887,0.397013276815414,-0.164014995098114,0.293009877204895,-0.262408941984177,0.772926986217499
0.908679008483887,0.397013276815414,-0.164014995098114,1.0942519903183,0.541022837162018,0.36857482790947
0.908679008483887,0.397013276815414,-0.164014995098114,1.49108266830444,0.137623935937881,0.768243730068207
0.908679008483887,0.397013276815414,-0.167675137519836,1.88635265827179,0.137060329318047,0.363915830850601
0.908679008483887,0.397013276815414,-0.167675137519836,1.87884879112244,0.537684977054596,0.763614296913147
0.908679008483887,0.397013276815414,-0.167675137519836,2.27263808250427,0.535490274429321,0.359310209751129
0.912112832069397,0.400632441043854,-0.167675137519836,2.66490840911865,0.93449854850769,-0.0433445461094379
0.908679008483887,0.397013276815414,-0.17133529484272,2.25318145751953,0.529503405094147,0.35802549123764
0.908679008483887,0.397013276815414,-0.17133529484272,2.64561009407043,0.928548336029053,0.356571793556213
0.908679008483887,0.397013276815414,-0.17133529484272,2.63528776168823,0.924782693386078,-0.046072706580162
0.908679008483887,0.393394142389297,-0.17133529484272,2.62504529953003,1.32223927974701,0.355315387248993
0.905245244503021,0.393394142389297,-0.17133529484272,2.61488199234009,0.91569048166275,0.353879570960999
0.908679008483887,0.393394142389297,-0.178655609488487,3.00607514381409,1.31320071220398,0.352451801300049
0.905245244503021,0.393394142389297,-0.182315766811371,2.99452519416809,1.7091326713562,-0.0501772947609425
0.908679008483887,0.389775007963181,-0.178655609488487,2.98306345939636,1.30106770992279,-0.0499754771590233
0.908679008483887,0.389775007963181,-0.182315766811371,2.16909694671631,1.29587543010712,-0.0497747808694839
0.908679008483887,0.397013276815414,-0.182315766811371,1.75955545902252,0.889492630958557,0.351641565561295
0.905245244503021,0.393394142389297,-0.182315766811371,0.950280725955963,0.885969161987305,0.751452922821045
0.905245244503021,0.397013276815414,-0.182315766811371,0.54538369178772,1.28371477127075,0.74844890832901
0.912112832069397,0.393394142389297,-0.178655609488487,0.944651544094086,0.877411186695099,0.344237297773361
0.912112832069397,0.397013276815414,-0.178655609488487,0.539790034294128,0.472711473703384,0.744091749191284
0.915546596050262,0.397013276815414,-0.174995452165604,0.537775099277496,0.470853745937347,0.741130411624908
0.912112832069397,0.397013276815414,-0.17133529484272,0.937108218669891,0.870257019996643,0.738185226917267
0.908679008483887,0.400632441043854,-0.17133529484272,0.933634281158447,0.465593129396439,0.334022492170334
0.908679008483887,0.397013276815414,-0.17133529484272,0.93018513917923,0.062515452504158,0.332698971033096
0.905245244503021,0.397013276815414,-0.17133529484272,0.926760375499725,0.864786386489868,0.732620775699615
0.905245244503021,0.397013276815414,-0.17133529484272,1.72606778144836,0.0588915459811687,1.1309666633606
0.908679008483887,0.397013276815414,-0.17133529484272,1.31839692592621,0.0586619973182678,0.725261926651001
0.912112832069397,0.400632441043854,-0.167675137519836,0.912228107452393,0.459697604179382,0.722404539585114
0.912112832069397,0.397013276815414,-0.167675137519836,1.71165227890015,0.0566445253789425,0.719562470912933
0.912112832069397,0.397013276815414,-0.164014995098114,1.70545601844788,0.0564246140420437,0.31548610329628
0.905245244503021,0.397013276815414,-0.164014995098114,1.69930267333984,0.457476019859314,0.314248353242874
0.901811420917511,0.397013276815414,-0.164014995098114,2.09457516670227,0.856976807117462,0.714270949363708
0.908679008483887,0.397013276815414,-0.164014995098114,2.0870680809021,0.853662729263306,0.711476385593414
0.905245244503021,0.397013276815414,-0.167675137519836,2.88239812850952,0.8503657579422,0.70869654417038
0.912112832069397,0.397013276815414,-0.167675137519836,3.27353262901306,0.84708571434021,0.705931305885315
0.915546596050262,0.393394142389297,-0.167675137519836,2.86051249504089,0.843822479248047,0.703180551528931
0.918980419635773,0.397013276815414,-0.167675137519836,3.25180077552795,0.840575873851776,0.29917973279953
0.918980419635773,0.393394142389297,-0.167675137519836,2.83892321586609,0.837345838546753,0.298017024993896
0.912112832069397,0.397013276815414,-0.164014995098114,3.23036193847656,1.23541820049286,0.29686039686203
0.905245244503021,0.393394142389297,-0.17133529484272,3.21904516220093,1.23068273067474,0.295709729194641
0.908679008483887,0.397013276815414,-0.17133529484272,4.01065874099731,1.22597122192383,0.294565051794052
0.908679008483887,0.393394142389297,-0.174995452165604,3.59527468681335,1.22128343582153,0.293426245450974
0.908679008483887,0.397013276815414,-0.174995452165604,3.18137407302856,1.21661925315857,0.693569958209991
0.912112832069397,0.397013276815414,-0.178655609488487,3.17037892341614,1.21197843551636,0.289616823196411
0.912112832069397,0.397013276815414,-0.182315766811371,3.15945625305176,0.806063652038574,0.288501441478729
0.905245244503021,0.393394142389297,-0.182315766811371,2.74715685844421,1.20429539680481,0.287391752004623
0.905245244503021,0.393394142389297,-0.182315766811371,1.93484592437744,1.19971799850464,0.687572240829468
0.905245244503021,0.397013276815414,-0.178655609488487,2.32969975471497,0.793860733509064,1.08622062206268
0.912112832069397,0.397013276815414,-0.178655609488487,1.92031180858612,0.790850400924683,0.680769801139832
0.915546596050262,0.397013276815414,-0.178655609488487,1.51233279705048,0.78785502910614,0.678164303302765
0.912112832069397,0.397013276815414,-0.178655609488487,1.50721919536591,0.383566379547119,1.07686400413513
0.912112832069397,0.397013276815414,-0.174995452165604,1.90361261367798,0.382116913795471,0.67145848274231
0.912112832069397,0.393394142389297,-0.17133529484272,2.29869365692139,-0.0206369142979383,1.07019376754761
0.912112832069397,0.393394142389297,-0.167675137519836,2.29099249839783,0.380754142999649,0.664819836616516
0.915546596050262,0.397013276815414,-0.17133529484272,2.28334021568298,0.780635118484497,1.06359016895294
0.912112832069397,0.397013276815414,-0.17133529484272,3.07871794700623,0.777698516845703,0.256945997476578
0.912112832069397,0.393394142389297,-0.174995452165604,3.06849694252014,0.373457849025726,0.657273888587952
0.912112832069397,0.397013276815414,-0.17133529484272,3.05834031105042,0.773376047611237,1.05608713626862
0.908679008483887,0.393394142389297,-0.17133529484272,2.24524235725403,0.369154661893845,0.650781452655792
0.912112832069397,0.397013276815414,-0.17133529484272,2.23785519599915,0.769095361232758,0.648320078849792
0.915546596050262,0.397013276815414,-0.17133529484272,2.23051428794861,0.766217947006226,1.04718101024628
0.912112832069397,0.393394142389297,-0.167675137519836,2.62473368644714,1.16468095779419,1.04322934150696
0.908679008483887,0.393394142389297,-0.167675137519836,2.21465611457825,0.759004652500153,1.03929698467255
0.912112832069397,0.393394142389297,-0.167675137519836,2.60895442962646,0.756174087524414,0.232753321528435
0.912112832069397,0.393394142389297,-0.167675137519836,2.60045027732849,1.15468835830688,0.633194983005524
0.908679008483887,0.397013276815414,-0.174995452165604,2.99349474906921,0.749058306217194,0.229497522115707
0.908679008483887,0.393394142389297,-0.17133529484272,2.18070197105408,0.746273577213287,0.228636309504509
0.908679008483887,0.397013276815414,-0.17133529484272,2.17359805107117,1.1448380947113,0.629101276397705
0.905245244503021,0.397013276815414,-0.17133529484272,2.56803846359253,1.1405907869339,0.225421994924545
0.905245244503021,0.393394142389297,-0.174995452165604,2.55967593193054,1.13636350631714,0.625904142856598
0.908679008483887,0.393394142389297,-0.174995452165604,2.14982175827026,1.13215625286102,0.623565495014191
0.908679008483887,0.393394142389297,-0.17133529484272,2.54434466362,1.12796878814697,0.219909608364105
0.908679008483887,0.393394142389297,-0.17133529484272,2.53606414794922,1.52514457702637,0.620419800281525
0.908679008483887,0.397013276815414,-0.174995452165604,2.52781200408936,1.11816966533661,0.216777339577675
0.912112832069397,0.397013276815414,-0.178655609488487,2.92110991477966,0.712699711322784,-0.185362443327904
0.908679008483887,0.393394142389297,-0.178655609488487,2.51008677482605,0.710074126720428,0.216661304235458
0.912112832069397,0.389775007963181,-0.178655609488487,1.6988799571991,0.707460761070251,0.215856850147247
0.908679008483887,0.393394142389297,-0.174995452165604,2.09487843513489,1.1062103509903,0.215056210756302
0.908679008483887,0.397013276815414,-0.174995452165604,2.08806824684143,0.700794577598572,0.615598797798157
0.908679008483887,0.397013276815414,-0.174995452165604,2.0812816619873,0.296869099140167,1.0146609544754
0.912112832069397,0.397013276815414,-0.178655609488487,1.67299520969391,0.295780688524246,0.609566509723663
0.912112832069397,0.397013276815414,-0.17133529484272,2.47060608863831,0.294697284698486,0.607314705848694
0.912112832069397,0.397013276815414,-0.174995452165604,2.0610568523407,0.293618857860565,0.203728005290031
0.912112832069397,0.393394142389297,-0.17133529484272,2.45588660240173,0.292545408010483,0.604323744773865
0.912112832069397,0.393394142389297,-0.174995452165604,2.44791150093079,0.291476845741272,0.200749576091766
0.908679008483887,0.393394142389297,-0.178655609488487,2.43996381759644,1.09313714504242,0.200010895729065
0.908679008483887,0.393394142389297,-0.178655609488487,2.03051900863647,0.687788367271423,0.600626826286316
0.905245244503021,0.393394142389297,-0.17133529484272,2.82697820663452,0.685283005237579,0.598421037197113
0.908679008483887,0.393394142389297,-0.174995452165604,2.01475477218628,0.682789087295532,0.997579395771027
0.912112832069397,0.393394142389297,-0.17133529484272,2.00821805000305,0.680306434631348,0.592567324638367
0.912112832069397,0.397013276815414,-0.174995452165604,1.60017836093903,0.677835047245026,0.189040467143059
0.912112832069397,0.393394142389297,-0.174995452165604,1.59498846530914,0.675374805927277,0.589707016944885
0.915546596050262,0.400632441043854,-0.167675137519836,1.99134194850922,0.672925651073456,0.186191946268082
0.925848007202148,0.404251575469971,-0.174995452165604,1.98488557338715,0.670487523078918,0.586872935295105
0.94301700592041,0.404251575469971,-0.178655609488487,2.37997722625732,0.66806036233902,0.986094057559967
0.956752181053162,0.411489844322205,-0.185975909233093,1.97073698043823,0.66564404964447,0.982499599456787
0.977354943752289,0.418728142976761,-0.19329622387886,1.16129744052887,1.06461477279663,1.38028645515442
0.997957766056061,0.425966411828995,-0.200616538524628,0.354484230279922,0.659393310546875,1.37526416778564
1.01512670516968,0.433204680681229,-0.200616538524628,-1.25279462337494,1.45977199077606,1.37026476860046
1.03229570388794,0.440442979335785,-0.196956381201744,-2.4533863067627,1.45451009273529,0.963918924331665
1.04259705543518,0.447681248188019,-0.19329622387886,-3.65015959739685,2.25203394889832,0.960421025753021
1.04259705543518,0.451300382614136,-0.182315766811371,-4.45582389831543,3.04672193527222,-0.247175633907318
1.02886188030243,0.454919517040253,-0.17133529484272,-4.85865592956543,3.03582119941711,-1.85178804397583
1.01169288158417,0.447681248188019,-0.156694680452347,-4.45582389831543,3.02499532699585,-1.84511876106262
0.99109011888504,0.444062113761902,-0.145714223384857,-2.84449553489685,2.61284327507019,-1.03572344779968
0.977354943752289,0.433204680681229,-0.142054066061974,-2.03883147239685,1.3993718624115,-1.03201878070831
0.956752181053162,0.422347277402878,-0.13839390873909,-1.23316740989685,1.79583978652954,-1.02834057807922
0.94301700592041,0.407870709896088,-0.142054066061974,0.378160685300827,0.585276365280151,-0.62328690290451
0.925848007202148,0.400632441043854,-0.145714223384857,1.98948884010315,-0.219614446163177,-0.621080994606018
0.905245244503021,0.393394142389297,-0.14937436580658,3.19798493385315,-0.620270192623138,-1.42171323299408
0.88807624578476,0.386155873537064,-0.156694680452347,4.80931282043457,-0.618109047412872,-0.613884091377258
0.870907247066498,0.382536739110947,-0.164014995098114,5.61497688293457,-1.01739609241486,0.592529535293579
0.867473483085632,0.378917574882507,-0.167675137519836,6.42064094543457,-0.612437546253204,1.79473972320557
0.877774834632874,0.382536739110947,-0.174995452165604,6.01780891418457,-1.01176846027374,2.18992829322815
0.89151006937027,0.378917574882507,-0.178655609488487,6.82347297668457,-0.606843650341034,2.18233776092529
0.908679008483887,0.382536739110947,-0.185975909233093,6.82347297668457,0.198139443993568,1.37191820144653
0.922414243221283,0.386155873537064,-0.196956381201744,6.82347297668457,0.197463095188141,1.36719536781311
0.946450769901276,0.393394142389297,-0.200616538524628,6.01780891418457,0.598252952098846,1.76395487785339
0.960186004638672,0.397013276815414,-0.207936838269234,4.80931282043457,0.596224546432495,1.35646891593933
0.980788767337799,0.404251575469971,-0.207936838269234,2.79515290260315,0.995680630207062,0.548927962779999
0.997957766056061,0.407870709896088,-0.207936838269234,1.98948884010315,0.992327332496643,0.948527693748474
1.00825917720795,0.415108978748322,-0.207936838269234,0.378160685300827,0.988996386528015,0.543848633766174
1.01169288158417,0.425966411828995,-0.20427668094635,-1.23316740989685,1.38717198371887,0.943487107753754
1.0219943523407,0.436823815107346,-0.196956381201744,-2.84449553489685,1.78403532505035,1.34179258346558
1.03572952747345,0.444062113761902,-0.189636066555977,-4.45582389831543,2.58109259605408,1.3372962474823
1.0494647026062,0.454919517040253,-0.178655609488487,-5.26148796081543,2.17104482650757,1.33282971382141
1.05633223056793,0.458538681268692,-0.164014995098114,-4.45582389831543,2.56537842750549,0.123919762670994
1.05633223056793,0.458538681268692,-0.16035483777523,-3.24732756614685,2.15542960166931,-0.679482281208038
1.04603087902069,0.458538681268692,-0.156694680452347,-2.84449553489685,2.14835906028748,-1.07873499393463
1.02886188030243,0.451300382614136,-0.153034523129463,-1.23316740989685,1.33830487728119,-1.07517921924591
1.0219943523407,0.447681248188019,-0.153034523129463,-0.0246713496744633,0.53090488910675,-0.268629431724548
1.01512670516968,0.444062113761902,-0.156694680452347,0.378160685300827,0.52918016910553,-0.267749458551407
1.00482535362244,0.436823815107346,-0.16035483777523,1.58665680885315,0.527466595172882,-0.266875207424164
0.99109011888504,0.433204680681229,-0.164014995098114,2.39232087135315,0.12423212826252,0.537034809589386
0.984222531318665,0.433204680681229,-0.167675137519836,2.39232087135315,0.123832181096077,0.535291612148285
0.980788767337799,0.433204680681229,-0.17133529484272,2.39232087135315,0.524973630905151,0.533559143543243
0.977354943752289,0.433204680681229,-0.174995452165604,3.19798493385315,0.523293316364288,0.531837344169617
0.977354943752289,0.425966411828995,-0.178655609488487,3.19798493385315,-0.28146955370903,0.530126094818115
0.977354943752289,0.422347277402878,-0.178655609488487,3.19798493385315,-0.682123899459839,0.528425276279449
0.980788767337799,0.422347277402878,-0.182315766811371,3.60081696510315,0.123148143291473,0.526734828948975
0.980788767337799,0.422347277402878,-0.182315766811371,2.79515290260315,0.122758470475674,0.525054633617401
0.984222531318665,0.418728142976761,-0.178655609488487,2.39232087135315,0.122371144592762,0.121833853423595
0.987656354904175,0.418728142976761,-0.178655609488487,2.79515290260315,-0.27957871556282,0.121447443962097
0.994523942470551,0.418728142976761,-0.174995452165604,2.79515290260315,-0.278702080249786,0.121063359081745
0.997957766056061,0.418728142976761,-0.174995452165604,2.39232087135315,-0.277830630540848,0.52224326133728
1.00482535362244,0.418728142976761,-0.178655609488487,2.39232087135315,0.124611645936966,0.922166228294373
1.00825917720795,0.422347277402878,-0.178655609488487,2.38468647003174,0.124224185943604,0.919274508953094
1.01512670516968,0.422347277402878,-0.178655609488487,2.77865099906921,0.525421977043152,0.51482754945755
1.01512670516968,0.429585546255112,-0.178655609488487,1.96673035621643,0.925375401973724,0.513217628002167
1.00825917720795,0.425966411828995,-0.178655609488487,1.96051132678986,1.32408809661865,0.511612594127655
1.00482535362244,0.429585546255112,-0.174995452165604,2.75745320320129,1.31999289989471,0.51001250743866
1.00139153003693,0.429585546255112,-0.174995452165604,2.34719657897949,1.71751117706299,0.508417308330536
1.00139153003693,0.429585546255112,-0.178655609488487,2.74135732650757,1.31063544750214,0.506826996803284
1.00139153003693,0.433204680681229,-0.182315766811371,2.73271322250366,1.30661523342133,0.906813502311707
0.997957766056061,0.429585546255112,-0.178655609488487,1.9209725856781,0.901018619537354,0.903976738452911
0.994523942470551,0.425966411828995,-0.182315766811371,1.91491520404816,0.898269891738892,0.499576896429062
0.987656354904175,0.429585546255112,-0.178655609488487,1.90887689590454,0.493930578231812,0.0964421853423119
0.973921179771423,0.422347277402878,-0.174995452165604,1.90285766124725,0.492431908845901,0.0961404293775558
0.970487356185913,0.422347277402878,-0.174995452165604,1.89685726165771,0.0893287658691406,1.3005542755127
0.973921179771423,0.422347277402878,-0.178655609488487,1.89087569713593,-0.31255716085434,1.29648458957672
0.977354943752289,0.418728142976761,-0.174995452165604,2.28647470474243,-0.713236093521118,1.29242742061615
0.987656354904175,0.422347277402878,-0.182315766811371,2.68082618713379,-0.309472322463989,1.28838276863098
0.987656354904175,0.425966411828995,-0.182315766811371,2.27081060409546,-0.308545827865601,0.481207877397537
0.984222531318665,0.422347277402878,-0.182315766811371,1.46052634716034,-0.307624608278275,1.28284418582916
0.987656354904175,0.425966411828995,-0.174995452165604,1.8574823141098,0.0949239209294319,1.27882885932922
0.99109011888504,0.422347277402878,-0.17133529484272,2.25318646430969,0.0946419909596443,1.27482581138611
1.00825917720795,0.429585546255112,-0.174995452165604,2.24608087539673,0.496000409126282,1.67240607738495
1.01856052875519,0.433204680681229,-0.174995452165604,2.64055943489075,0.494534999132156,0.462457656860352
1.0219943523407,0.433204680681229,-0.178655609488487,2.23067045211792,0.493077725172043,0.0594389513134956
1.01512670516968,0.433204680681229,-0.178655609488487,1.82207405567169,0.491628527641296,-0.342321008443832
1.01512670516968,0.433204680681229,-0.178655609488487,1.81632792949677,1.29348957538605,0.0603226236999035
1.01856052875519,0.433204680681229,-0.174995452165604,1.4090381860733,0.888053357601166,0.461716771125793
1.0219943523407,0.433204680681229,-0.178655609488487,1.80615615844727,0.88546347618103,0.460287302732468
1.0219943523407,0.440442979335785,-0.178655609488487,0.997336804866791,0.882887780666351,0.0572778843343258
1.01169288158417,0.440442979335785,-0.174995452165604,0.994191527366638,0.880326151847839,-0.344490230083466
1.01169288158417,0.436823815107346,-0.17133529484272,0.991056084632874,1.27944469451904,0.0581626743078232
1.01856052875519,0.436823815107346,-0.17133529484272,0.987939357757568,0.874082148075104,0.861181676387787
1.01856052875519,0.436823815107346,-0.17133529484272,0.984841227531433,0.871565341949463,0.0553480796515942
1.00825917720795,0.433204680681229,-0.17133529484272,0.981761455535889,0.467387080192566,-0.346425741910934
0.994523942470551,0.429585546255112,-0.17133529484272,0.978699922561646,0.466048061847687,-0.345373600721359
0.984222531318665,0.422347277402878,-0.17133529484272,0.172497779130936,0.464712083339691,0.458896279335022
0.984222531318665,0.425966411828995,-0.167675137519836,1.37671136856079,0.463379114866257,1.66235554218292
0.99109011888504,0.425966411828995,-0.167675137519836,1.37245392799377,0.462049186229706,0.854110598564148
0.987656354904175,0.418728142976761,-0.167675137519836,2.17140078544617,0.460722237825394,0.449922651052475
0.977354943752289,0.415108978748322,-0.17133529484272,2.56631588935852,0.0577238649129868,0.0469495132565498
0.973921179771423,0.411489844322205,-0.17133529484272,2.96004152297974,0.0575578920543194,0.046809196472168
0.977354943752289,0.411489844322205,-0.174995452165604,3.35258793830872,-0.344280809164047,1.25156354904175
0.973921179771423,0.415108978748322,-0.174995452165604,3.34236168861389,0.05838268622756,0.846208393573761
0.970487356185913,0.411489844322205,-0.174995452165604,2.93058753013611,0.0582145228981972,0.442061722278595
0.973921179771423,0.411489844322205,-0.174995452165604,3.32330965995789,0.459717810153961,0.842395186424255
0.987656354904175,0.411489844322205,-0.178655609488487,3.31326055526733,0.458392143249512,0.839910447597504
0.987656354904175,0.415108978748322,-0.182315766811371,2.90165424346924,0.858739256858826,0.837439596652985
0.987656354904175,0.418728142976761,-0.178655609488487,2.4913113117218,0.856260120868683,-0.369967758655548
0.987656354904175,0.418728142976761,-0.178655609488487,2.48384499549866,0.853786766529083,0.836074233055115
0.997957766056061,0.418728142976761,-0.174995452165604,2.47642302513123,0.851319134235382,0.833633661270142
1.01169288158417,0.425966411828995,-0.178655609488487,2.46904516220093,0.848857283592224,0.0278881806880236
1.01169288158417,0.425966411828995,-0.182315766811371,1.65843856334686,0.846401154994965,-0.373854964971542
1.00482535362244,0.429585546255112,-0.185975909233093,1.65352368354797,0.843950808048248,0.028893131762743
1.01169288158417,0.425966411828995,-0.182315766811371,1.24699473381042,1.24317145347595,0.430477768182755
1.01169288158417,0.433204680681229,-0.182315766811371,0.841674089431763,1.23956847190857,0.429237127304077
1.01169288158417,0.433204680681229,-0.178655609488487,0.437551647424698,1.63763797283173,0.0263291746377945
1.01512670516968,0.433204680681229,-0.174995452165604,0.0346177816390991,1.23123443126678,0.427926748991013
1.01512670516968,0.436823815107346,-0.178655609488487,0.436170548200607,1.22768235206604,0.426695138216019
1.01512670516968,0.433204680681229,-0.178655609488487,0.0332413204014301,0.82247656583786,-0.377877593040466
1.01169288158417,0.433204680681229,-0.174995452165604,0.434805452823639,0.820115685462952,-0.376788735389709
1.01512670516968,0.433204680681229,-0.17133529484272,0.433544874191284,0.817760229110718,0.025968212634325
1.01512670516968,0.433204680681229,-0.167675137519836,0.833958983421326,0.413735717535019,0.0258932989090681
1.00825917720795,0.433204680681229,-0.167675137519836,0.8315549492836,0.41254597902298,0.0258185602724552
1.00482535362244,0.433204680681229,-0.17133529484272,1.23083877563477,0.411358952522278,-0.375924617052078
0.997957766056061,0.433204680681229,-0.17133529484272,1.62898659706116,0.410174667835236,0.0268296487629414
0.997957766056061,0.429585546255112,-0.174995452165604,1.62432765960693,0.408993095159531,-0.374915242195129
0.994523942470551,0.425966411828995,-0.174995452165604,1.61969363689423,0.407814234495163,0.429502695798874
0.99109011888504,0.422347277402878,-0.174995452165604,2.01676988601685,0.00496784644201398,0.428259491920471
0.987656354904175,0.422347277402878,-0.17133529484272,1.60935652256012,0.00495351105928421,0.427019208669662
0.99109011888504,0.418728142976761,-0.17133529484272,2.40818214416504,-0.396729737520218,0.827446579933167
0.987656354904175,0.418728142976761,-0.174995452165604,2.40137982368469,-0.395587176084518,0.423383474349976
0.980788767337799,0.418728142976761,-0.174995452165604,2.39461350440979,-0.394450783729553,-0.381171643733978
0.984222531318665,0.411489844322205,-0.174995452165604,2.78958249092102,0.410034984350204,1.22658610343933
0.987656354904175,0.415108978748322,-0.178655609488487,2.38005828857422,0.00718235643580556,1.22302424907684
0.987656354904175,0.418728142976761,-0.178655609488487,1.97169601917267,0.408845394849777,-0.38717919588089
0.987656354904175,0.415108978748322,-0.182315766811371,2.36790251731873,0.407678991556168,0.417275816202164
0.997957766056061,0.418728142976761,-0.182315766811371,1.95960080623627,0.406515151262283,1.21941554546356
1.00139153003693,0.425966411828995,-0.182315766811371,1.15073263645172,0.405353903770447,-1.19413411617279
0.99109011888504,0.418728142976761,-0.178655609488487,1.54926121234894,0.404195249080658,0.0143207758665085
1.00139153003693,0.418728142976761,-0.178655609488487,2.34841775894165,0.403039187192917,1.21931958198547
1.00482535362244,0.425966411828995,-0.178655609488487,1.1367791891098,0.401885688304901,0.412475347518921
1.00139153003693,0.425966411828995,-0.178655609488487,0.731928646564484,0.80241322517395,-0.392069786787033
1.00482535362244,0.425966411828995,-0.178655609488487,1.13164734840393,0.398436188697815,0.814108729362488
1.00825917720795,0.429585546255112,-0.174995452165604,0.726820468902588,0.397293776273727,0.00842074677348137
1.00482535362244,0.429585546255112,-0.17133529484272,0.323103725910187,0.79783022403717,-0.39329719543457
1.00139153003693,0.433204680681229,-0.17133529484272,0.723958194255829,0.393864274024963,0.411204934120178
1.00139153003693,0.429585546255112,-0.17133529484272,0.721990644931793,0.794407784938812,0.00834936462342739
1.00482535362244,0.429585546255112,-0.17133529484272,1.12177276611328,0.390450328588486,0.410028487443924
1.00482535362244,0.433204680681229,-0.17133529484272,0.71699595451355,0.389327436685562,0.00717632845044136
1.00139153003693,0.429585546255112,-0.17133529484272,1.11680579185486,-0.0134657416492701,0.408864349126816
1.00482535362244,0.433204680681229,-0.17133529484272,1.51554620265961,-0.0134269697591662,1.21114778518677
1.00139153003693,0.433204680681229,-0.17133529484272,1.1097252368927,0.38828319311142,-0.80078262090683
0.997957766056061,0.425966411828995,-0.17133529484272,1.50850343704224,0.387163937091827,0.00486793834716082
1.00139153003693,0.425966411828995,-0.17133529484272,1.504469871521,-0.0156229045242071,0.808292210102081
1.00139153003693,0.425966411828995,-0.17133529484272,1.5004563331604,0.386091679334641,0.00262088142335415
1.00482535362244,0.425966411828995,-0.17133529484272,1.49644923210144,0.384976804256439,0.404337853193283
0.997957766056061,0.429585546255112,-0.17133529484272,1.89420366287231,0.383864551782608,0.00150168174877763
0.99109011888504,0.425966411828995,-0.17133529484272,1.48738026618958,0.382754862308502,-0.400231868028641
0.984222531318665,0.422347277402878,-0.167675137519836,1.48339545726776,0.783314645290375,0.806057155132294
0.984222531318665,0.418728142976761,-0.164014995098114,1.47941720485687,0.379381507635117,-0.401342630386353
0.987656354904175,0.418728142976761,-0.164014995098114,2.2789466381073,0.378282964229584,0.00148536672350019
0.987656354904175,0.418728142976761,-0.17133529484272,3.07634878158569,0.377187013626099,0.403217494487762
0.99109011888504,0.418728142976761,-0.17133529484272,3.06812810897827,0.376093626022339,0.402119576931
0.987656354904175,0.422347277402878,-0.178655609488487,2.65819001197815,-0.0266608465462923,0.401023596525192
0.994523942470551,0.418728142976761,-0.178655609488487,3.05287957191467,0.375079572200775,-0.00180350360460579
0.994523942470551,0.422347277402878,-0.178655609488487,2.24125146865845,-0.0276718735694885,0.399933487176895
0.994523942470551,0.422347277402878,-0.182315766811371,2.23531651496887,0.374070346355438,-0.00289061083458364
0.994523942470551,0.422347277402878,-0.182315766811371,1.42587542533875,0.37298309803009,0.800577402114868
0.997957766056061,0.429585546255112,-0.182315766811371,1.02034676074982,0.773559033870697,0.798385381698608
1.00139153003693,0.433204680681229,-0.178655609488487,0.615890562534332,0.369648396968842,-0.00725870952010155
1.00482535362244,0.429585546255112,-0.174995452165604,1.0160493850708,1.17189109325409,0.394488275051117
1.00482535362244,0.433204680681229,-0.178655609488487,0.611611723899841,0.766819179058075,-0.00832084566354752
1.00482535362244,0.433204680681229,-0.178655609488487,0.610013961791992,1.16624283790588,-0.410023093223572
1.00139153003693,0.429585546255112,-0.174995452165604,0.608423888683319,1.16284275054932,-0.00717128859832883
1.00482535362244,0.433204680681229,-0.178655609488487,0.606841444969177,0.35613676905632,0.394571632146835
1.00825917720795,0.429585546255112,-0.174995452165604,0.203479990363121,0.756753861904144,-0.00823764689266682
1.01169288158417,0.433204680681229,-0.17133529484272,0.202953115105629,0.352888405323029,0.393506318330765
1.00139153003693,0.433204680681229,-0.174995452165604,-0.199362680315971,0.351857513189316,-0.00929997116327286
1.00825917720795,0.433204680681229,-0.17133529484272,0.604739427566528,0.350829154253006,0.392445087432861
1.00482535362244,0.433204680681229,-0.17133529484272,0.201388537883759,0.751457393169403,-0.0103582432493567
1.00139153003693,0.433204680681229,-0.164014995098114,0.602671802043915,1.15091240406036,-0.813764572143555
0.997957766056061,0.433204680681229,-0.164014995098114,1.00293207168579,1.14754378795624,0.393638491630554
0.997957766056061,0.425966411828995,-0.164014995098114,1.00037252902985,0.340878576040268,0.392547577619553
0.997957766056061,0.433204680681229,-0.167675137519836,0.997824907302856,1.14318358898163,-0.411970645189285
0.994523942470551,0.425966411828995,-0.164014995098114,2.2007143497467,0.336530148983002,-0.410827040672302
0.994523942470551,0.425966411828995,-0.17133529484272,1.7933235168457,0.335543274879456,0.393740087747574
0.994523942470551,0.422347277402878,-0.174995452165604,2.19059872627258,0.334558844566345,-0.00906665809452534
0.997957766056061,0.425966411828995,-0.178655609488487,1.78325271606445,-0.0680727958679199,0.392669647932053
0.994523942470551,0.425966411828995,-0.178655609488487,1.77875971794128,-0.0678728967905045,-0.0101340869441628
0.987656354904175,0.422347277402878,-0.174995452165604,1.37246835231781,0.735623598098755,0.39160344004631
0.994523942470551,0.418728142976761,-0.17133529484272,2.17266774177551,0.331813395023346,0.792219519615173
0.997957766056061,0.425966411828995,-0.178655609488487,0.961757719516754,0.330837666988373,0.790008068084717
1.00482535362244,0.425966411828995,-0.178655609488487,0.959354877471924,0.329864352941513,-0.0156122827902436
1.00139153003693,0.418728142976761,-0.178655609488487,1.3587908744812,0.730539917945862,-0.417274415493011
0.994523942470551,0.425966411828995,-0.174995452165604,1.35541033744812,0.728388786315918,-0.416106879711151
0.994523942470551,0.425966411828995,-0.17133529484272,0.950213253498077,0.726243078708649,-0.0132376719266176
0.99109011888504,0.425966411828995,-0.17133529484272,0.947859048843384,0.724102795124054,0.38850262761116
0.997957766056061,0.425966411828995,-0.167675137519836,1.34735155105591,0.320323497056961,0.387413114309311
0.997957766056061,0.429585546255112,-0.17133529484272,2.14770340919495,0.319378644227982,0.386325836181641
0.997957766056061,0.429585546255112,-0.17133529484272,1.3387348651886,0.318436205387115,-0.41816046833992
0.994523942470551,0.425966411828995,-0.167675137519836,1.33543336391449,0.317496091127396,0.386414438486099
0.99109011888504,0.429585546255112,-0.167675137519836,1.33213472366333,0.316558390855789,0.787026584148407
0.987656354904175,0.425966411828995,-0.164014995098114,1.3288391828537,-0.0860187262296677,0.383113116025925
0.984222531318665,0.425966411828995,-0.164014995098114,2.12921452522278,-0.0857644602656364,0.783731281757355
0.987656354904175,0.425966411828995,-0.164014995098114,2.52576303482056,-0.0855108350515366,0.7815220952034
0.977354943752289,0.422347277402878,-0.164014995098114,2.51950812339783,0.316382437944412,-0.425769597291946
0.970487356185913,0.418728142976761,-0.164014995098114,2.91511797904968,-0.0861937403678894,-0.0228728093206882
0.963619768619537,0.418728142976761,-0.167675137519836,2.90792870521545,-0.085938535630703,-0.0228081960231066
0.963619768619537,0.418728142976761,-0.164014995098114,3.30261254310608,-0.0856839865446091,-0.424437016248703
0.960186004638672,0.407870709896088,-0.164014995098114,3.69634366035461,-0.487068444490433,0.380148619413376
0.960186004638672,0.411489844322205,-0.167675137519836,4.0891318321228,-0.485624581575394,-0.424310892820358
0.956752181053162,0.400632441043854,-0.167675137519836,4.07913684844971,-0.484184443950653,-0.0214180089533329
0.953318357467651,0.404251575469971,-0.174995452165604,4.47103977203369,-0.0811110585927963,0.380332827568054
0.949884593486786,0.404251575469971,-0.178655609488487,4.46016359329224,-0.0808703303337097,0.37925398349762
0.953318357467651,0.404251575469971,-0.178655609488487,3.64563083648682,0.321005791425705,0.77986603975296
0.953318357467651,0.404251575469971,-0.178655609488487,3.63680458068848,-0.081583209335804,0.777650833129883
0.949884593486786,0.407870709896088,-0.174995452165604,2.82430267333984,0.320294260978699,0.37375345826149
0.94301700592041,0.400632441043854,-0.17133529484272,2.81749725341797,0.319342195987701,0.372690409421921
0.94301700592041,0.397013276815414,-0.167675137519836,2.81072449684143,-0.0832415595650673,0.37162971496582
0.946450769901276,0.404251575469971,-0.167675137519836,2.40211772918701,0.318639755249023,0.370571315288544
0.94301700592041,0.397013276815414,-0.164014995098114,2.79823637008667,-0.0839417204260826,0.369515240192413
0.946450769901276,0.397013276815414,-0.167675137519836,3.19342184066772,-0.0836918279528618,1.17182803153992
0.9395831823349,0.393394142389297,-0.17133529484272,2.78393697738647,-0.0834425836801529,-0.0365633741021156
0.929281830787659,0.393394142389297,-0.17133529484272,2.7773129940033,0.318437933921814,0.766904652118683
0.925848007202148,0.389775007963181,-0.167675137519836,2.36884212493896,-0.0841425880789757,1.16639459133148
0.922414243221283,0.389775007963181,-0.164014995098114,2.36322784423828,-0.0838917270302773,0.761379539966583
0.925848007202148,0.397013276815414,-0.16035483777523,2.75951671600342,0.317989081144333,0.357521802186966
0.932715594768524,0.393394142389297,-0.164014995098114,2.75300192832947,0.317040354013443,1.1598562002182
0.936149418354034,0.397013276815414,-0.164014995098114,2.74651503562927,0.316094130277634,0.754855871200562
0.932715594768524,0.397013276815414,-0.164014995098114,2.33817100524902,0.315150380134583,0.351014912128448
0.925848007202148,0.393394142389297,-0.164014995098114,1.9307963848114,0.715838015079498,-0.0516685172915459
0.915546596050262,0.389775007963181,-0.16035483777523,2.73004961013794,1.11532783508301,-0.0515202544629574
0.905245244503021,0.393394142389297,-0.156694680452347,2.32177591323853,0.710366249084473,0.350303053855896
0.901811420917511,0.393394142389297,-0.156694680452347,1.9144481420517,0.708242416381836,0.75097131729126
0.908679008483887,0.386155873537064,-0.153034523129463,2.31184101104736,0.304496943950653,1.1504864692688
0.918980419635773,0.393394142389297,-0.156694680452347,3.11017370223999,0.303585946559906,0.745503902435303
0.908679008483887,0.389775007963181,-0.16035483777523,3.10284566879272,0.30267733335495,-0.461659640073776
0.908679008483887,0.386155873537064,-0.16035483777523,3.49740219116211,0.30177116394043,0.343013763427734
0.901811420917511,0.386155873537064,-0.16035483777523,2.6853723526001,0.3008673787117,0.743696630001068
0.901811420917511,0.386155873537064,-0.164014995098114,2.67900991439819,0.701591193675995,0.741552472114563
0.908679008483887,0.389775007963181,-0.16035483777523,2.6726508140564,1.10111343860626,0.739413261413574
0.908679008483887,0.389775007963181,-0.16035483777523,2.26442122459412,1.09781241416931,0.737278997898102
0.905245244503021,0.393394142389297,-0.156694680452347,2.6608989238739,1.09452033042908,0.333481073379517
0.908679008483887,0.393394142389297,-0.156694680452347,3.4582896232605,1.89448416233063,0.33251741528511
0.915546596050262,0.393394142389297,-0.16035483777523,2.6462836265564,1.88881611824036,0.73322331905365
0.918980419635773,0.397013276815414,-0.16035483777523,2.23807811737061,1.88318014144897,-0.473897844552994
0.918980419635773,0.389775007963181,-0.16035483777523,2.63457369804382,1.87757575511932,-0.0708601251244545
0.918980419635773,0.393394142389297,-0.156694680452347,2.22637748718262,1.87200272083282,0.331010490655899
0.918980419635773,0.393394142389297,-0.16035483777523,2.62287902832031,1.06318187713623,-0.0716134309768677
0.915546596050262,0.393394142389297,-0.164014995098114,1.41098427772522,1.0600426197052,-0.0714058056473732
0.915546596050262,0.389775007963181,-0.16035483777523,1.40760040283203,1.05692088603973,-0.0711986720561981
0.912112832069397,0.389775007963181,-0.156694680452347,1.80609929561615,1.05381643772125,0.330670833587646
0.912112832069397,0.393394142389297,-0.156694680452347,1.39991521835327,1.45238089561462,0.329710602760315
0.912112832069397,0.393394142389297,-0.156694680452347,0.994706094264984,1.84979176521301,-0.474570602178574
0.901811420917511,0.386155873537064,-0.156694680452347,1.79608643054962,1.44274234771729,-0.473191052675247
0.894943833351135,0.389775007963181,-0.156694680452347,1.79182124137878,1.84020912647247,0.331506013870239
0.901811420917511,0.389775007963181,-0.156694680452347,1.38569724559784,1.43320906162262,0.330541342496872
0.905245244503021,0.389775007963181,-0.16035483777523,2.1861777305603,1.02738773822784,0.329578995704651
0.915546596050262,0.386155873537064,-0.164014995098114,2.58289742469788,0.622742712497711,0.328618913888931
0.915546596050262,0.393394142389297,-0.167675137519836,2.17492842674255,1.02259612083435,-0.475654810667038
0.908679008483887,0.386155873537064,-0.167675137519836,1.76792871952057,1.42128598690033,-0.474267840385437
0.912112832069397,0.386155873537064,-0.164014995098114,1.76377892494202,1.41715371608734,0.330429404973984
0.912112832069397,0.389775007963181,-0.164014995098114,0.955870270729065,1.41303133964539,0.329464942216873
0.915546596050262,0.393394142389297,-0.167675137519836,0.953635215759277,1.40891885757446,0.328502804040909
0.925848007202148,0.393394142389297,-0.164014995098114,0.951409578323364,1.80647528171539,0.327543020248413
0.929281830787659,0.393394142389297,-0.164014995098114,0.547299742698669,0.997895419597626,0.326585561037064
0.929281830787659,0.397013276815414,-0.164014995098114,0.54602724313736,1.39664447307587,-0.0760234892368317
0.918980419635773,0.389775007963181,-0.164014995098114,0.544760167598724,1.79422855377197,-0.879107713699341
0.915546596050262,0.393394142389297,-0.164014995098114,0.543498396873474,1.78899335861206,-0.4748814702034
0.908679008483887,0.389775007963181,-0.16035483777523,0.542241930961609,1.38211476802826,-0.0718384087085724
0.912112832069397,0.389775007963181,-0.16035483777523,0.942893207073212,1.77973353862762,0.330023765563965
0.922414243221283,0.389775007963181,-0.164014995098114,0.940721571445465,0.971223056316376,0.730707347393036
0.922414243221283,0.393394142389297,-0.17133529484272,0.134747043251991,0.968383610248566,-0.476387411355972
0.918980419635773,0.389775007963181,-0.16035483777523,-0.669377505779266,0.563897371292114,-0.876639544963837
0.912112832069397,0.389775007963181,-0.16035483777523,-0.265935033559799,1.36555349826813,0.330882340669632
0.918980419635773,0.389775007963181,-0.156694680452347,0.136584043502808,1.36155545711517,0.731559455394745
0.918980419635773,0.393394142389297,-0.156694680452347,0.136272385716438,0.955915093421936,-0.475535243749619
0.918980419635773,0.382536739110947,-0.156694680452347,0.939791023731232,1.35476517677307,-0.0724894851446152
0.918980419635773,0.389775007963181,-0.164014995098114,0.937654376029968,0.949142158031464,-0.473923593759537
0.908679008483887,0.389775007963181,-0.164014995098114,0.533608675003052,0.544707596302032,-1.27583408355713
0.894943833351135,0.382536739110947,-0.16035483777523,-0.271439135074615,0.944758892059326,-0.468794465065002
0.89151006937027,0.382536739110947,-0.156694680452347,-0.270825386047363,0.941985011100769,0.335886538028717
0.898377656936646,0.382536739110947,-0.156694680452347,0.533626794815063,0.135920539498329,1.13822782039642
0.908679008483887,0.386155873537064,-0.16035483777523,0.130497738718987,0.135521098971367,0.733260691165924
0.905245244503021,0.386155873537064,-0.16035483777523,0.93403148651123,0.135123878717422,-0.473859161138535
0.898377656936646,0.382536739110947,-0.16035483777523,0.52998811006546,0.134728834033012,-0.0708219558000565
0.898377656936646,0.382536739110947,-0.16035483777523,0.126865535974503,0.134335964918137,0.732724905014038
0.905245244503021,0.386155873537064,-0.156694680452347,-0.677250266075134,0.133945241570473,0.730619072914124
0.912112832069397,0.386155873537064,-0.153034523129463,-0.273793429136276,0.53522002696991,0.326847404241562
0.915546596050262,0.389775007963181,-0.153034523129463,0.530661940574646,0.533666491508484,0.727592945098877
0.915546596050262,0.393394142389297,-0.156694680452347,0.529458165168762,0.933778762817383,-0.479531466960907
0.912112832069397,0.389775007963181,-0.153034523129463,0.528254628181458,0.931065440177917,-0.0764812156558037
0.922414243221283,0.389775007963181,-0.156694680452347,0.527055978775024,0.928358614444733,1.12880206108093
0.932715594768524,0.397013276815414,-0.153034523129463,0.525857508182526,0.925658226013184,-0.0794683843851089
0.932715594768524,0.397013276815414,-0.156694680452347,0.524659276008606,0.922964334487915,-1.28432714939117
0.929281830787659,0.397013276815414,-0.153034523129463,0.523461282253265,0.920276880264282,-0.879011869430542
0.922414243221283,0.397013276815414,-0.153034523129463,-0.28155705332756,0.917595863342285,-0.876541674137115
0.915546596050262,0.397013276815414,-0.153034523129463,-0.280911475419998,1.31657922267914,-0.0706788897514343
0.925848007202148,0.397013276815414,-0.153034523129463,-0.280266046524048,1.71439707279205,0.732929825782776
0.925848007202148,0.397013276815414,-0.14937436580658,-0.279620796442032,1.30773842334747,-0.0725313574075699
0.922414243221283,0.404251575469971,-0.145714223384857,0.122926995158195,1.30392098426819,-0.474040508270264
0.925848007202148,0.397013276815414,-0.142054066061974,0.122642830014229,1.30012440681458,-0.472724467515945
0.922414243221283,0.400632441043854,-0.145714223384857,0.524257719516754,1.69801080226898,-0.0696988701820374
0.915546596050262,0.400632441043854,-0.142054066061974,0.121143899857998,1.29142701625824,-0.872944474220276
0.908679008483887,0.393394142389297,-0.13839390873909,0.522757470607758,1.28768408298492,-0.870538413524628
0.908679008483887,0.397013276815414,-0.13839390873909,0.923432886600494,0.882286012172699,0.337028414011002
0.912112832069397,0.393394142389297,-0.142054066061974,0.921277105808258,0.879726111888885,-0.0656231194734573
0.912112832069397,0.397013276815414,-0.145714223384857,0.919122219085693,0.475509703159332,-0.467173188924789
0.912112832069397,0.393394142389297,-0.14937436580658,0.9169682264328,0.875790536403656,-0.465897738933563
0.905245244503021,0.393394142389297,-0.14937436580658,0.914815187454224,0.873245477676392,-0.0628939494490623
0.905245244503021,0.389775007963181,-0.14937436580658,0.108894363045692,0.87070643901825,0.339014381170273
0.905245244503021,0.393394142389297,-0.14937436580658,0.10863770544529,1.26983368396759,-0.0636446475982666
0.908679008483887,0.393394142389297,-0.145714223384857,0.108381181955338,0.86447811126709,-0.0634719431400299
0.912112832069397,0.389775007963181,-0.145714223384857,0.510003864765167,0.861960649490356,0.338441371917725
0.918980419635773,0.397013276815414,-0.14937436580658,0.106917805969715,0.85944926738739,-0.465956598520279
0.912112832069397,0.397013276815414,-0.145714223384857,-0.295211613178253,1.25860166549683,-0.464692741632462
0.915546596050262,0.393394142389297,-0.14937436580658,0.107364431023598,1.25493097305298,-0.0616927407681942
0.915546596050262,0.397013276815414,-0.14937436580658,0.107108578085899,0.849612534046173,-0.463262379169464
0.915546596050262,0.397013276815414,-0.145714223384857,-0.696887791156769,0.84713214635849,-0.863738417625427
0.912112832069397,0.393394142389297,-0.142054066061974,0.108516104519367,1.24631321430206,-0.861386656761169
0.915546596050262,0.393394142389297,-0.145714223384857,0.510123014450073,1.24267101287842,-0.457304924726486
0.915546596050262,0.397013276815414,-0.142054066061974,0.107033491134644,0.837383568286896,-0.0543243065476418
0.915546596050262,0.393394142389297,-0.145714223384857,0.106776155531406,0.834934115409851,-0.0541759803891182
0.915546596050262,0.397013276815414,-0.145714223384857,0.508380830287933,0.832490622997284,-0.0540279224514961
0.915546596050262,0.400632441043854,-0.145714223384857,0.10529413819313,0.830053091049194,-0.0538801364600658
0.922414243221283,0.397013276815414,-0.145714223384857,0.506898164749146,1.22927355766296,-0.455461740493774
0.918980419635773,0.397013276815414,-0.145714223384857,0.103814177215099,0.824019432067871,-0.855941772460938
0.918980419635773,0.393394142389297,-0.153034523129463,0.10356242954731,1.62490510940552,-0.0501397810876369
0.918980419635773,0.400632441043854,-0.14937436580658,-0.700396180152893,0.816837787628174,-0.85345447063446
0.908679008483887,0.393394142389297,-0.14937436580658,-0.69869202375412,1.21609020233154,-1.25283455848694
0.905245244503021,0.389775007963181,-0.14937436580658,-0.295138895511627,1.21251952648163,-0.0442165769636631
0.908679008483887,0.397013276815414,-0.14937436580658,-0.696267008781433,0.00401163846254349,-0.445818096399307
0.908679008483887,0.393394142389297,-0.14937436580658,-0.694564521312714,0.80729615688324,-0.84631222486496
0.908679008483887,0.389775007963181,-0.14937436580658,-0.291017949581146,0.00162729097064584,-0.0405360609292984
0.905245244503021,0.389775007963181,-0.14937436580658,-0.692147850990295,0.00162250420544297,-0.0404241979122162
0.901811420917511,0.386155873537064,-0.153034523129463,-1.09228932857513,0.00161772943101823,-0.442031979560852
0.901811420917511,0.382536739110947,-0.14937436580658,-0.687760531902313,-0.400036662817001,0.362626910209656
0.915546596050262,0.389775007963181,-0.156694680452347,-1.48975670337677,-0.39886549115181,-0.0400938950479031
0.915546596050262,0.389775007963181,-0.153034523129463,-1.08426070213318,-0.799356520175934,-0.441699475049973
0.918980419635773,0.389775007963181,-0.156694680452347,-1.08160853385925,-0.395369589328766,-0.440475434064865
0.922414243221283,0.393394142389297,-0.16035483777523,-1.48081707954407,0.00744076818227768,-0.439253747463226
0.922414243221283,0.393394142389297,-0.164014995098114,-3.08461260795593,0.409083962440491,-0.839748322963715
0.925848007202148,0.397013276815414,-0.16035483777523,-3.88082218170166,0.00623386120423675,-0.837415456771851
0.922414243221283,0.393394142389297,-0.156694680452347,-3.46955800056458,0.0062158890068531,-0.433375120162964
0.915546596050262,0.393394142389297,-0.156694680452347,-4.26488161087036,0.00619801413267851,-0.833880364894867
0.908679008483887,0.397013276815414,-0.153034523129463,-5.05831050872803,0.40785676240921,-1.2332683801651
0.912112832069397,0.393394142389297,-0.145714223384857,-4.64427185058594,0.00501036876812577,-0.426412612199783
0.915546596050262,0.397013276815414,-0.14937436580658,-4.63311815261841,-0.396686255931854,-0.425223290920258
0.918980419635773,0.400632441043854,-0.145714223384857,-5.42575168609619,-0.395556926727295,-1.22745144367218
0.915546596050262,0.400632441043854,-0.145714223384857,-5.01091337203979,-0.796114563941956,-0.42060911655426
0.918980419635773,0.397013276815414,-0.14937436580658,-4.597092628479,-0.793845117092133,-0.0177273973822594
0.918980419635773,0.404251575469971,-0.14937436580658,-6.208420753479,-0.791580677032471,-0.419382750988007
0.915546596050262,0.404251575469971,-0.142054066061974,-7.014084815979,-1.1910035610199,-0.418208479881287
0.918980419635773,0.400632441043854,-0.13839390873909,-5.805588722229,-1.18760192394257,0.38636988401413
0.915546596050262,0.407870709896088,-0.13839390873909,-5.402756690979,-0.782527029514313,-0.418118387460709
0.912112832069397,0.404251575469971,-0.134733751416206,-4.98802900314331,-0.780289232730865,-0.41694501042366
0.912112832069397,0.397013276815414,-0.131073594093323,-4.97618961334229,-0.778056442737579,0.387627363204956
0.915546596050262,0.400632441043854,-0.134733751416206,-3.75877165794373,-0.775828659534454,-0.0151619324460626
0.912112832069397,0.397013276815414,-0.131073594093323,-4.15177154541016,-0.77360588312149,-0.8185173869133
0.901811420917511,0.397013276815414,-0.1274134516716,-4.14198541641235,-0.771388053894043,0.388881087303162
0.905245244503021,0.397013276815414,-0.131073594093323,-2.92659091949463,-0.769175291061401,0.387789219617844
0.908679008483887,0.400632441043854,-0.1274134516716,-2.9197244644165,-1.16864335536957,-0.0150005472823977
0.908679008483887,0.397013276815414,-0.1274134516716,-2.51100087165833,-0.361936777830124,-0.416657686233521
0.912112832069397,0.400632441043854,-0.1274134516716,-2.1032452583313,-0.360896676778793,0.789617300033569
0.912112832069397,0.397013276815414,-0.1274134516716,-1.29455780982971,-0.761532664299011,0.38570299744606
0.912112832069397,0.397013276815414,-0.1274134516716,-1.693443775177,-0.357668578624725,-0.418785065412521
0.901811420917511,0.400632441043854,-0.120093137025833,-1.6895158290863,0.0450334399938583,-0.417611449956894
0.898377656936646,0.397013276815414,-0.11643297970295,-1.28370606899261,0.0449037216603756,0.78867369890213
0.898377656936646,0.400632441043854,-0.120093137025833,-0.878840088844299,0.446445286273956,0.78646719455719
0.905245244503021,0.404251575469971,-0.11643297970295,-0.474911481142044,0.0434874929487705,1.18597996234894
0.918980419635773,0.404251575469971,-0.123753294348717,1.13641667366028,0.0433620102703571,1.18267810344696
0.922414243221283,0.411489844322205,-0.1274134516716,0.733584642410278,0.043236818164587,-0.427459508180618
0.918980419635773,0.400632441043854,-0.1274134516716,0.330752581357956,0.0431119166314602,-0.426275163888931
0.918980419635773,0.404251575469971,-0.123753294348717,0.733584642410278,0.444655001163483,0.378340274095535
0.918980419635773,0.407870709896088,-0.120093137025833,0.329992324113846,0.443369060754776,0.377297013998032
0.918980419635773,0.407870709896088,-0.11643297970295,0.329235523939133,0.040419727563858,0.777983069419861
0.918980419635773,0.411489844322205,-0.112772829830647,0.730392396450043,0.441968470811844,1.177574634552
0.925848007202148,0.411489844322205,-0.11643297970295,1.53254950046539,0.440688163042068,0.772621512413025
0.925848007202148,0.411489844322205,-0.11643297970295,1.93097257614136,0.0377464219927788,0.770511269569397
0.922414243221283,0.411489844322205,-0.112772829830647,1.92658364772797,0.439300805330276,0.36667737364769
0.912112832069397,0.415108978748322,-0.112772829830647,2.32413268089294,0.438026189804077,0.365680605173111
0.908679008483887,0.411489844322205,-0.109112672507763,3.12271451950073,0.436754584312439,0.364688843488693
0.912112832069397,0.407870709896088,-0.109112672507763,4.32143115997314,0.435486018657684,1.16718626022339
0.915546596050262,0.404251575469971,-0.112772829830647,5.11554479598999,0.0325590819120407,1.16403555870056
0.915546596050262,0.407870709896088,-0.120093137025833,5.11554479598999,0.434125155210495,0.357406377792358
0.912112832069397,0.404251575469971,-0.120093137025833,5.92120885848999,0.432862251996994,-0.447053253650665
0.905245244503021,0.404251575469971,-0.123753294348717,5.92120885848999,0.833261847496033,0.357649475336075
0.908679008483887,0.400632441043854,-0.123753294348717,7.12970495223999,0.830835282802582,0.758447587490082
0.912112832069397,0.404251575469971,-0.1274134516716,6.72687292098999,0.828414559364319,0.354666650295258
0.915546596050262,0.400632441043854,-0.131073594093323,7.12970495223999,1.22765743732452,-0.0480371490120888
0.915546596050262,0.397013276815414,-0.134733751416206,7.12970495223999,1.22407686710358,-0.0479095503687859
0.908679008483887,0.397013276815414,-0.13839390873909,6.32404088973999,1.6221616268158,-0.0477821566164494
0.901811420917511,0.389775007963181,-0.13839390873909,5.92120885848999,1.61742568016052,-0.449414640665054
0.894943833351135,0.389775007963181,-0.134733751416206,5.92120885848999,1.61271584033966,0.355300039052963
0.89151006937027,0.389775007963181,-0.131073594093323,5.51837682723999,1.20636963844299,1.15787732601166
0.898377656936646,0.393394142389297,-0.134733751416206,5.92120885848999,0.80120974779129,1.15480577945709
0.908679008483887,0.389775007963181,-0.142054066061974,6.30982494354248,0.798894464969635,1.55351519584656
0.915546596050262,0.393394142389297,-0.145714223384857,5.89374399185181,0.796584606170654,0.745876312255859
0.915546596050262,0.393394142389297,-0.142054066061974,5.4786229133606,-0.41072353720665,-0.0596302226185799
0.912112832069397,0.393394142389297,-0.145714223384857,4.26059103012085,0.393804401159286,0.342299580574036
0.912112832069397,0.389775007963181,-0.145714223384857,4.25109720230103,0.392674416303635,0.341401755809784
0.918980419635773,0.393394142389297,-0.142054066061974,4.24164152145386,0.391550481319427,0.340508282184601
0.922414243221283,0.393394142389297,-0.145714223384857,3.8302857875824,0.390432596206665,-0.86572128534317
0.918980419635773,0.397013276815414,-0.14937436580658,3.41986012458801,0.791005492210388,-0.461683243513107
0.922414243221283,0.397013276815414,-0.14937436580658,2.60841679573059,0.788751304149628,0.34308660030365
0.929281830787659,0.400632441043854,-0.14937436580658,2.20071935653687,0.786502122879028,-0.0595904588699341
0.929281830787659,0.404251575469971,-0.14937436580658,0.990039050579071,0.382575303316116,-0.863015115261078
0.922414243221283,0.400632441043854,-0.14937436580658,0.987864434719086,0.783164799213409,-0.0572029165923595
0.922414243221283,0.397013276815414,-0.142054066061974,0.98569929599762,0.379249513149261,-0.05705551430583
0.918980419635773,0.397013276815414,-0.142054066061974,0.98569929599762,0.378172039985657,-0.0569088123738766
0.918980419635773,0.400632441043854,-0.13839390873909,0.98569929599762,0.377096921205521,-0.458561331033707
0.912112832069397,0.400632441043854,-0.134733751416206,0.98569929599762,0.376024156808853,-0.859188139438629
0.908679008483887,0.400632441043854,-0.134733751416206,1.38853132724762,0.374953746795654,0.348415642976761
0.915546596050262,0.397013276815414,-0.134733751416206,1.78744554519653,-0.027798879891634,0.74933272600174
0.925848007202148,0.400632441043854,-0.13839390873909,2.18549752235413,-0.429403424263,-0.0561880394816399
0.918980419635773,0.397013276815414,-0.13839390873909,1.37682843208313,-0.0264956206083298,-0.859664678573608
0.912112832069397,0.397013276815414,-0.142054066061974,1.77579307556152,-0.428102314472198,-0.455675691366196
0.898377656936646,0.393394142389297,-0.13839390873909,1.77194225788116,-0.0251981168985367,0.349100768566132
0.898377656936646,0.393394142389297,-0.142054066061974,1.76810789108276,-0.0251261088997126,1.15184235572815
0.908679008483887,0.393394142389297,-0.145714223384857,2.56821441650391,-0.426734387874603,0.747118890285492
0.918980419635773,0.397013276815414,-0.14937436580658,2.16071438789368,-0.425513386726379,-0.460214555263519
0.912112832069397,0.393394142389297,-0.156694680452347,2.15606451034546,-0.022616408765316,-0.459057301282883
0.908679008483887,0.393394142389297,-0.156694680452347,0.9455326795578,-0.424229592084885,0.747558236122131
0.912112832069397,0.397013276815414,-0.153034523129463,0.541536629199982,-0.0213362276554108,1.14750957489014
0.918980419635773,0.397013276815414,-0.14937436580658,0.138407617807388,-0.422951608896255,0.742816805839539
0.922414243221283,0.397013276815414,-0.145714223384857,0.138111755251884,-0.42173770070076,0.339137017726898
0.925848007202148,0.397013276815414,-0.142054066061974,0.539789378643036,-0.420526534318924,1.14195239543915
0.925848007202148,0.397013276815414,-0.14937436580658,0.136665552854538,-0.820992588996887,1.1391167640686
0.918980419635773,0.397013276815414,-0.145714223384857,0.136374861001968,-0.818632066249847,0.332626402378082
0.912112832069397,0.389775007963181,-0.145714223384857,-0.667867958545685,-1.21794998645782,0.733639717102051
0.918980419635773,0.397013276815414,-0.145714223384857,-0.66645210981369,-1.21444392204285,1.53550517559052
0.918980419635773,0.393394142389297,-0.145714223384857,-0.665042221546173,-1.61261773109436,0.728043735027313
0.915546596050262,0.389775007963181,-0.145714223384857,-0.663638174533844,-1.20629906654358,1.12809646129608
0.908679008483887,0.393394142389297,-0.145714223384857,-1.06422328948975,-2.00617933273315,0.321641594171524
0.901811420917511,0.389775007963181,-0.142054066061974,-1.46397078037262,-1.59874987602234,1.12454652786255
0.905245244503021,0.393394142389297,-0.142054066061974,-1.46089899539948,-1.59417700767517,1.12179958820343
0.912112832069397,0.397013276815414,-0.142054066061974,-1.85982859134674,-1.58962869644165,1.11906504631042
0.908679008483887,0.397013276815414,-0.142054066061974,-1.85594213008881,-1.98679029941559,0.312638580799103
0.908679008483887,0.397013276815414,-0.142054066061974,-1.85207176208496,-1.98115003108978,-0.089974470436573
0.908679008483887,0.393394142389297,-0.134733751416206,-1.84821736812592,-1.57384848594666,1.11581146717072
0.915546596050262,0.393394142389297,-0.131073594093323,-1.84437870979309,-1.97109663486481,1.11311340332031
0.915546596050262,0.397013276815414,-0.134733751416206,-2.24255299568176,-1.56384551525116,-0.0951516553759575
0.905245244503021,0.393394142389297,-0.1274134516716,-1.43391537666321,-1.55944955348969,-0.0949207916855812
0.908679008483887,0.393394142389297,-0.1274134516716,-0.626953184604645,-1.55507683753967,0.709015905857086
0.912112832069397,0.397013276815414,-0.1274134516716,-0.625659883022308,-1.55071294307709,-0.0964137390255928
0.908679008483887,0.393394142389297,-0.1274134516716,-0.624371230602264,-1.94805896282196,-0.0961803644895554
0.908679008483887,0.397013276815414,-0.134733751416206,0.180920004844666,-1.5408843755722,0.305910885334015
0.912112832069397,0.400632441043854,-0.134733751416206,-0.22145639359951,-1.13485157489777,-0.096687488257885
0.912112832069397,0.397013276815414,-0.134733751416206,0.181003823876381,-0.72995936870575,-0.096454843878746
0.912112832069397,0.400632441043854,-0.13839390873909,-0.623381733894348,-1.12960088253021,-0.498087912797928
0.915546596050262,0.397013276815414,-0.13839390873909,-0.622107744216919,-1.12641704082489,-0.0950275957584381
0.918980419635773,0.397013276815414,-0.13839390873909,-0.218828335404396,-0.721544086933136,0.708936750888824
0.922414243221283,0.404251575469971,-0.145714223384857,-0.620393872261047,-0.317812472581863,0.707244396209717
0.929281830787659,0.404251575469971,-0.142054066061974,-0.619131922721863,-0.316914796829224,-0.500057458877563
0.932715594768524,0.404251575469971,-0.142054066061974,-1.01988840103149,-0.316021859645844,-0.0969942733645439
0.925848007202148,0.404251575469971,-0.142054066061974,-1.01782023906708,-0.315133601427078,-0.498640149831772
0.915546596050262,0.404251575469971,-0.134733751416206,-1.81979215145111,-0.31425005197525,-1.30121493339539
0.905245244503021,0.397013276815414,-0.131073594093323,-1.41409552097321,-0.31337109208107,-0.494379460811615
0.901811420917511,0.397013276815414,-0.131073594093323,-0.607203304767609,-0.714204788208008,0.310550183057785
0.912112832069397,0.400632441043854,-0.134733751416206,0.198060750961304,-0.712216913700104,0.309818893671036
0.912112832069397,0.400632441043854,-0.13839390873909,0.197662159800529,-1.11195278167725,-0.494675368070602
0.912112832069397,0.397013276815414,-0.13839390873909,0.197264984250069,-0.707156538963318,-0.493510574102402
0.905245244503021,0.393394142389297,-0.142054066061974,0.196869194507599,-1.10691142082214,0.311419904232025
0.912112832069397,0.400632441043854,-0.142054066061974,-0.205550223588943,-0.702125906944275,0.310686647891998
0.912112832069397,0.400632441043854,-0.134733751416206,-0.607165277004242,-0.700176239013672,-0.0919280275702477
0.918980419635773,0.397013276815414,-0.134733751416206,-0.203925132751465,-0.296517878770828,1.11393916606903
0.925848007202148,0.400632441043854,-0.131073594093323,0.600538849830627,-0.697404801845551,0.709436178207397
0.918980419635773,0.404251575469971,-0.1274134516716,-0.204716727137566,0.107957921922207,-0.497889459133148
0.912112832069397,0.404251575469971,-0.1274134516716,1.00178349018097,0.107657179236412,0.307054162025452
0.912112832069397,0.397013276815414,-0.131073594093323,1.80385887622833,0.107357032597065,0.306336760520935
0.908679008483887,0.404251575469971,-0.1274134516716,1.8002827167511,0.508765578269958,0.305622398853302
0.908679008483887,0.397013276815414,-0.1274134516716,1.39468431472778,-0.296069473028183,0.30491104722023
0.912112832069397,0.400632441043854,-0.1274134516716,2.59803700447083,-0.295242100954056,0.304202705621719
0.915546596050262,0.404251575469971,-0.131073594093323,2.59291362762451,-0.294416397809982,-0.500298619270325
0.915546596050262,0.404251575469971,-0.1274134516716,2.58781027793884,0.108112193644047,-0.499140739440918
0.912112832069397,0.400632441043854,-0.1274134516716,2.18068599700928,0.107809372246265,-0.49798771739006
0.908679008483887,0.400632441043854,-0.120093137025833,2.57845258712769,0.910921096801758,-0.0949354395270348
0.908679008483887,0.404251575469971,-0.120093137025833,2.57340669631958,0.104963652789593,-0.0947152674198151
0.905245244503021,0.397013276815414,-0.120093137025833,3.77451586723328,0.506383717060089,-0.0944951623678207
0.898377656936646,0.393394142389297,-0.120093137025833,4.97329759597778,0.504979074001312,0.307618945837021
0.898377656936646,0.397013276815414,-0.1274134516716,5.36566829681396,0.503581762313843,0.708793520927429
0.898377656936646,0.397013276815414,-0.134733751416206,4.95319795608521,0.903911590576172,1.10902714729309
0.901811420917511,0.393394142389297,-0.13839390873909,5.34564733505249,0.901422321796417,0.704547584056854
0.912112832069397,0.397013276815414,-0.142054066061974,5.33530426025391,0.497216016054153,0.301012992858887
0.915546596050262,0.397013276815414,-0.142054066061974,4.92294692993164,0.897565126419067,-0.905373930931091
0.912112832069397,0.393394142389297,-0.145714223384857,4.91345739364624,0.895086884498596,-0.0994785949587822
0.915546596050262,0.400632441043854,-0.14937436580658,4.90400409698486,1.69606637954712,0.302648335695267
0.915546596050262,0.404251575469971,-0.14937436580658,4.09046983718872,1.69140589237213,-0.09995037317276
0.925848007202148,0.400632441043854,-0.145714223384857,3.6805694103241,1.28504145145416,0.302174896001816
0.932715594768524,0.404251575469971,-0.145714223384857,3.27146625518799,1.68325746059418,0.301468431949615
0.932715594768524,0.404251575469971,-0.145714223384857,3.66728162765503,1.67866492271423,-0.101126171648502
0.925848007202148,0.407870709896088,-0.14937436580658,3.66029143333435,0.870624661445618,-0.100888833403587
0.918980419635773,0.400632441043854,-0.14937436580658,4.05539274215698,1.26999855041504,-0.904429316520691
0.908679008483887,0.400632441043854,-0.153034523129463,2.84149026870728,1.26655793190002,-0.500424563884735
0.901811420917511,0.400632441043854,-0.153034523129463,2.43403553962708,1.26313471794128,0.304527193307877
0.912112832069397,0.397013276815414,-0.153034523129463,2.42943024635315,0.456232935190201,1.1076055765152
0.922414243221283,0.397013276815414,-0.156694680452347,1.62069940567017,0.0532567538321018,0.301239550113678
0.918980419635773,0.397013276815414,-0.156694680452347,1.61764407157898,0.0531133376061916,-0.905151426792145
0.912112832069397,0.389775007963181,-0.156694680452347,0.810452103614807,-0.348779112100601,-0.501156091690063
0.905245244503021,0.389775007963181,-0.153034523129463,0.808929860591888,-0.347844213247299,0.705704927444458
0.905245244503021,0.393394142389297,-0.16035483777523,0.807413220405579,-0.748668730258942,0.704076766967773
0.915546596050262,0.393394142389297,-0.16035483777523,0.403824061155319,-0.344913929700851,0.702455341815948
0.922414243221283,0.389775007963181,-0.164014995098114,1.20722877979279,-0.745755434036255,0.298934608697891
0.922414243221283,0.393394142389297,-0.17133529484272,-0.403345882892609,-1.14553678035736,-0.103659056127071
0.912112832069397,0.389775007963181,-0.164014995098114,-1.60884189605713,-0.740736663341522,-0.907240748405457
0.898377656936646,0.386155873537064,-0.16035483777523,-1.60585272312164,-1.14054620265961,-0.503255724906921
0.894943833351135,0.389775007963181,-0.14937436580658,-2.00495934486389,-1.13753950595856,0.703631341457367
0.901811420917511,0.389775007963181,-0.153034523129463,-2.40779137611389,-0.732775628566742,0.702028870582581
0.915546596050262,0.389775007963181,-0.153034523129463,-2.40779137611389,-1.53440511226654,0.700433015823364
0.915546596050262,0.389775007963181,-0.156694680452347,-2.40779137611389,-1.53039145469666,-0.506910264492035
0.908679008483887,0.393394142389297,-0.156694680452347,-2.40779137611389,-1.52639710903168,-0.505762159824371
0.905245244503021,0.389775007963181,-0.153034523129463,-3.21345543861389,-1.5224221944809,-0.102697424590588
0.912112832069397,0.393394142389297,-0.153034523129463,-4.01911973953247,-1.51846635341644,0.299457281827927
0.915546596050262,0.393394142389297,-0.14937436580658,-4.01911973953247,-1.91631710529327,0.700707316398621
0.918980419635773,0.397013276815414,-0.14937436580658,-4.01911973953247,-1.50956976413727,0.297205537557602
0.915546596050262,0.397013276815414,-0.145714223384857,-4.82478380203247,-1.10388088226318,-0.507317304611206
0.912112832069397,0.397013276815414,-0.145714223384857,-4.01911973953247,-1.50283229351044,-0.104251176118851
0.918980419635773,0.400632441043854,-0.142054066061974,-4.41376543045044,-1.49895656108856,1.10177528858185
0.925848007202148,0.404251575469971,-0.145714223384857,-4.40560913085938,-1.09329402446747,0.295450210571289
0.932715594768524,0.404251575469971,-0.14937436580658,-4.39748239517212,-1.09046721458435,-0.509076833724976
0.925848007202148,0.404251575469971,-0.14937436580658,-4.38938522338867,-1.0876442193985,-1.31181621551514
0.912112832069397,0.397013276815414,-0.142054066061974,-4.78340864181519,-1.08482491970062,-1.30890321731567
0.905245244503021,0.397013276815414,-0.134733751416206,-4.77463245391846,-1.48379600048065,-0.502123713493347
0.912112832069397,0.400632441043854,-0.134733751416206,-4.76588726043701,-1.47994017601013,0.302868694067001
0.915546596050262,0.400632441043854,-0.134733751416206,-4.75717401504517,-1.47608971595764,-0.0997425243258476
0.922414243221283,0.404251575469971,-0.134733751416206,-3.94429492950439,-1.87402725219727,-0.099522590637207
0.922414243221283,0.404251575469971,-0.134733751416206,-3.1329071521759,-1.46735799312592,-0.0993035286664963
0.912112832069397,0.404251575469971,-0.13839390873909,-3.12720131874084,-1.06174623966217,-0.902979135513306
0.905245244503021,0.400632441043854,-0.13839390873909,-3.12151312828064,-1.46074914932251,-0.49905002117157
0.901811420917511,0.400632441043854,-0.134733751416206,-3.11584234237671,-1.05514788627625,0.707892596721649
0.905245244503021,0.400632441043854,-0.134733751416206,-2.70808792114258,-1.45415890216827,0.304393768310547
0.915546596050262,0.400632441043854,-0.131073594093323,-1.89897656440735,-1.85211861133575,0.30372953414917
0.922414243221283,0.404251575469971,-0.13839390873909,-1.49343681335449,-1.44547939300537,-0.0988866090774536
0.912112832069397,0.404251575469971,-0.142054066061974,-1.49073874950409,-1.4416778087616,-0.50062757730484
0.905245244503021,0.400632441043854,-0.142054066061974,-1.89015579223633,-1.03611052036285,-0.0975832715630531
0.905245244503021,0.400632441043854,-0.142054066061974,-1.8867529630661,-1.03337931632996,0.706546247005463
0.915546596050262,0.404251575469971,-0.13839390873909,-1.88336217403412,-1.0306521654129,0.705017685890198
0.918980419635773,0.404251575469971,-0.13839390873909,-1.47787392139435,-0.626161396503448,0.703494966030121
0.915546596050262,0.397013276815414,-0.134733751416206,-1.07311654090881,-0.624505162239075,-0.503912270069122
0.915546596050262,0.400632441043854,-0.134733751416206,-0.669086217880249,-1.02461683750153,-0.100862674415112
0.912112832069397,0.404251575469971,-0.134733751416206,-0.667892038822174,-1.02190053462982,0.301320463418961
0.912112832069397,0.404251575469971,-0.13839390873909,-0.264587759971619,-0.617425560951233,0.300671339035034
0.915546596050262,0.404251575469971,-0.131073594093323,-0.264117181301117,-1.01754689216614,1.10395610332489
0.918980419635773,0.404251575469971,-0.131073594093323,-0.263648241758347,-0.613079905509949,0.297651648521423
0.912112832069397,0.404251575469971,-0.131073594093323,0.541055142879486,-0.611447513103485,0.29701367020607
0.908679008483887,0.404251575469971,-0.131073594093323,0.137978509068489,-0.609817683696747,0.296378135681152
0.901811420917511,0.400632441043854,-0.131073594093323,0.941975712776184,-0.608190476894379,0.697716534137726
0.908679008483887,0.397013276815414,-0.131073594093323,0.940314590930939,-0.606565892696381,1.09819161891937
0.915546596050262,0.400632441043854,-0.131073594093323,1.34078216552734,-1.00669872760773,0.693866610527039
0.912112832069397,0.400632441043854,-0.131073594093323,1.74054992198944,-0.602250277996063,-0.111556805670261
0.905245244503021,0.400632441043854,-0.134733751416206,1.73749625682831,0.202868729829788,0.290646731853485
0.905245244503021,0.400632441043854,-0.13839390873909,2.1365795135498,-0.601178348064423,0.691978812217712
0.918980419635773,0.397013276815414,-0.13839390873909,2.13284373283386,0.203936606645584,1.0924369096756
0.918980419635773,0.404251575469971,-0.13839390873909,2.12912082672119,0.203388437628746,0.286149591207504
0.912112832069397,0.397013276815414,-0.134733751416206,2.12541055679321,0.202841177582741,-0.116428226232529
0.908679008483887,0.397013276815414,-0.142054066061974,2.52384424209595,0.202294826507568,0.285778284072876
0.905245244503021,0.400632441043854,-0.13839390873909,2.92159342765808,-0.199996516108513,-0.116797477006912
0.905245244503021,0.393394142389297,-0.13839390873909,2.51439428329468,0.202288091182709,-0.116541177034378
0.905245244503021,0.393394142389297,-0.142054066061974,3.31431150436401,0.201741605997086,0.28566113114357
0.905245244503021,0.393394142389297,-0.142054066061974,3.30858421325684,0.201196059584618,0.285031348466873
0.901811420917511,0.393394142389297,-0.145714223384857,2.49860239028931,0.200651451945305,-0.11754035949707
0.901811420917511,0.393394142389297,-0.14937436580658,3.29857540130615,0.200107783079147,0.284659802913666
0.905245244503021,0.397013276815414,-0.14937436580658,2.08648562431335,1.00304412841797,1.48984122276306
0.912112832069397,0.400632441043854,-0.153034523129463,1.68076193332672,0.196844190359116,2.29041838645935
0.925848007202148,0.404251575469971,-0.145714223384857,1.67787861824036,0.999793112277985,0.677588105201721
0.925848007202148,0.404251575469971,-0.142054066061974,2.47928690910339,0.193604499101639,0.274149388074875
0.925848007202148,0.404251575469971,-0.142054066061974,2.07290077209473,0.193080842494965,0.675489127635956
0.925848007202148,0.404251575469971,-0.145714223384857,1.26506996154785,0.594299554824829,0.272057116031647
0.922414243221283,0.407870709896088,-0.142054066061974,1.66505360603333,0.190948620438576,-0.130487650632858
0.915546596050262,0.407870709896088,-0.142054066061974,0.85792350769043,0.592169940471649,-0.130201518535614
0.912112832069397,0.411489844322205,-0.134733751416206,1.25860726833344,0.188823834061623,-0.531866729259491
0.905245244503021,0.400632441043854,-0.134733751416206,1.65861141681671,0.188310638070107,0.675150752067566
0.912112832069397,0.404251575469971,-0.134733751416206,1.6557914018631,0.187798365950584,0.673677980899811
0.912112832069397,0.400632441043854,-0.13839390873909,2.05512738227844,-0.616183280944824,0.270256102085114
0.912112832069397,0.397013276815414,-0.13839390873909,2.05164098739624,-0.614503860473633,1.07358109951019
0.915546596050262,0.397013276815414,-0.142054066061974,2.45031380653381,-0.211094379425049,1.07125115394592
0.912112832069397,0.397013276815414,-0.145714223384857,1.64186596870422,-0.210517972707748,0.265011727809906
0.912112832069397,0.397013276815414,-0.142054066061974,2.04124069213867,-0.209942609071732,0.666399300098419
0.918980419635773,0.393394142389297,-0.142054066061974,2.43994498252869,0.192361757159233,1.06692266464233
0.918980419635773,0.400632441043854,-0.142054066061974,2.43582844734192,0.191835060715675,-0.141268268227577
0.915546596050262,0.404251575469971,-0.142054066061974,2.43172359466553,0.593037366867065,-0.542929470539093
0.908679008483887,0.397013276815414,-0.145714223384857,2.02545785903931,0.5914106965065,-0.139796450734138
0.905245244503021,0.400632441043854,-0.14937436580658,2.42416310310364,0.589787006378174,-0.541464745998383
0.901811420917511,0.397013276815414,-0.145714223384857,2.42002606391907,0.588166356086731,-0.138335883617401
0.901811420917511,0.397013276815414,-0.142054066061974,2.41587901115417,0.586548745632172,0.263930797576904
0.905245244503021,0.393394142389297,-0.145714223384857,2.41172218322754,0.584934175014496,0.263367593288422
0.912112832069397,0.393394142389297,-0.14937436580658,1.60328340530396,0.181600451469421,0.664780378341675
0.912112832069397,0.393394142389297,-0.14937436580658,1.60050225257874,-0.220621556043625,0.261391222476959
0.908679008483887,0.393394142389297,-0.14937436580658,1.19558429718018,-0.220012679696083,0.260836184024811
0.908679008483887,0.389775007963181,-0.145714223384857,1.59562146663666,0.18231438100338,0.662261366844177
0.905245244503021,0.389775007963181,-0.142054066061974,0.788570642471313,0.181810364127159,1.06283926963806
0.901811420917511,0.393394142389297,-0.13839390873909,0.787187993526459,0.181307330727577,-0.547329962253571
0.898377656936646,0.389775007963181,-0.13839390873909,1.59006249904633,0.180805265903473,0.257789194583893
0.901811420917511,0.397013276815414,-0.142054066061974,2.39153575897217,-0.221411436796188,0.65922999382019
0.908679008483887,0.397013276815414,-0.145714223384857,2.38735723495483,-0.622511982917786,0.657843947410583
0.918980419635773,0.397013276815414,-0.153034523129463,1.98106205463409,-0.219070136547089,0.254474312067032
0.918980419635773,0.404251575469971,-0.156694680452347,1.57547903060913,-0.218461513519287,-0.148044139146805
0.915546596050262,0.397013276815414,-0.153034523129463,1.57273602485657,0.183857887983322,-0.147730425000191
0.918980419635773,0.400632441043854,-0.14937436580658,0.363606452941895,0.183346256613731,1.05851197242737
0.918980419635773,0.400632441043854,-0.14937436580658,-0.0391574278473854,0.182835653424263,0.2523093521595
0.929281830787659,0.400632441043854,-0.145714223384857,-0.0390894897282124,0.182326063513756,0.251770555973053
0.932715594768524,0.404251575469971,-0.142054066061974,-0.0390217490494251,-1.02330768108368,0.251231551170349
0.932715594768524,0.404251575469971,-0.145714223384857,-0.441088944673538,0.184671446681023,-0.553242564201355
0.918980419635773,0.407870709896088,-0.145714223384857,-0.440326303243637,0.184155523777008,-0.552052199840546
0.915546596050262,0.404251575469971,-0.142054066061974,-0.439565867185593,0.183640658855438,0.253064841032028
0.918980419635773,0.404251575469971,-0.13839390873909,-0.840945482254028,0.183126822113991,-0.149443358182907
0.915546596050262,0.404251575469971,-0.134733751416206,-0.035220704972744,-0.21908999979496,-0.551078319549561
0.915546596050262,0.397013276815414,-0.134733751416206,0.366979628801346,-0.218476042151451,-0.549885869026184
0.908679008483887,0.397013276815414,-0.13839390873909,0.76849102973938,-0.619565665721893,-0.548698008060455
0.905245244503021,0.393394142389297,-0.142054066061974,1.16931581497192,-0.617826879024506,-0.145551398396492
0.908679008483887,0.397013276815414,-0.142054066061974,0.765171825885773,-0.616091668605804,0.256724447011948
0.908679008483887,0.393394142389297,-0.145714223384857,1.56815159320831,-0.61436003446579,0.256168067455292
0.908679008483887,0.393394142389297,-0.145714223384857,1.16333043575287,-0.210933029651642,0.657568514347076
0.908679008483887,0.397013276815414,-0.14937436580658,1.16134691238403,-0.210339307785034,0.254181742668152
0.912112832069397,0.397013276815414,-0.145714223384857,1.56151497364044,0.191950500011444,0.655579626560211
0.918980419635773,0.397013276815414,-0.14937436580658,1.15671181678772,-0.21028707921505,0.25219452381134
0.922414243221283,0.400632441043854,-0.153034523129463,1.15474617481232,-0.611389577388763,-0.552255630493164
0.905245244503021,0.393394142389297,-0.145714223384857,0.750637829303741,0.193726077675819,-0.952996551990509
0.894943833351135,0.389775007963181,-0.142054066061974,0.749365091323853,-0.208515256643295,-0.548957109451294
0.894943833351135,0.393394142389297,-0.145714223384857,0.74809592962265,-0.20792581140995,0.658088147640228
0.905245244503021,0.389775007963181,-0.14937436580658,1.55113136768341,-0.60903012752533,1.05859041213989
0.912112832069397,0.393394142389297,-0.153034523129463,1.14635872840881,-1.008997797966,0.654320955276489
0.915546596050262,0.397013276815414,-0.156694680452347,-0.0620324872434139,-1.00613951683044,-0.151011943817139
0.912112832069397,0.393394142389297,-0.153034523129463,-0.0619278848171234,-0.199907153844833,0.653222024440765
0.908679008483887,0.397013276815414,-0.14937436580658,-0.866130590438843,-0.601029455661774,0.651797473430634
0.912112832069397,0.397013276815414,-0.145714223384857,-0.462519019842148,-0.197634801268578,0.24842344224453
0.915546596050262,0.397013276815414,-0.142054066061974,-0.863896608352661,-0.598761260509491,1.05179667472839
0.918980419635773,0.407870709896088,-0.142054066061974,-0.058134775608778,-0.597059369087219,-0.15635946393013
0.915546596050262,0.404251575469971,-0.142054066061974,-0.0580372773110867,-0.193674877285957,-0.557980358600616
0.915546596050262,0.404251575469971,-0.142054066061974,0.344217121601105,-0.193123653531075,-0.154812872409821
0.915546596050262,0.407870709896088,-0.145714223384857,-0.460674703121185,-0.192573636770248,0.247483804821968
0.915546596050262,0.404251575469971,-0.142054066061974,-0.459904611110687,-0.995392858982086,-0.155013471841812
0.918980419635773,0.400632441043854,-0.142054066061974,-0.459136635065079,-0.992554306983948,0.247285455465317
0.915546596050262,0.400632441043854,-0.142054066061974,-0.86053079366684,-0.989722073078156,-0.55717945098877
0.908679008483887,0.400632441043854,-0.13839390873909,-0.456936091184616,-0.98689603805542,-0.154016479849815
0.905245244503021,0.397013276815414,-0.142054066061974,-0.0540140084922314,-0.984076321125031,0.248282983899117
0.905245244503021,0.400632441043854,-0.142054066061974,-0.0539241954684258,-0.981262922286987,0.247752442955971
0.905245244503021,0.400632441043854,-0.145714223384857,-0.0538346245884895,-0.978455722332001,0.247221693396568
0.912112832069397,0.397013276815414,-0.14937436580658,0.750581979751587,-0.975654900074005,0.6486576795578
0.915546596050262,0.400632441043854,-0.153034523129463,0.347173541784286,-0.972860276699066,0.245296388864517
0.908679008483887,0.400632441043854,-0.14937436580658,-0.457731395959854,-0.970072031021118,-0.559158265590668
0.905245244503021,0.400632441043854,-0.142054066061974,-0.859132289886475,-0.163936465978622,-0.155987977981567
0.898377656936646,0.397013276815414,-0.142054066061974,-0.857697367668152,-0.565142095088959,-0.155649662017822
0.912112832069397,0.400632441043854,-0.142054066061974,0.350210279226303,-0.563519418239594,0.648601174354553
0.922414243221283,0.400632441043854,-0.142054066061974,0.349620342254639,-0.561900436878204,0.245233505964279
0.925848007202148,0.404251575469971,-0.14937436580658,-0.0531216710805893,-0.560285091400146,-0.559206247329712
0.915546596050262,0.400632441043854,-0.14937436580658,-0.857326865196228,-0.157000169157982,-0.557981669902802
0.908679008483887,0.400632441043854,-0.14937436580658,-0.453719526529312,-0.15654830634594,0.247138723731041
0.908679008483887,0.400632441043854,-0.145714223384857,-0.0508003160357475,-0.15609747171402,0.648540735244751
0.915546596050262,0.404251575469971,-0.145714223384857,-0.452852129936218,-0.557318985462189,0.24516686797142
0.918980419635773,0.404251575469971,-0.145714223384857,-0.0499337054789066,-0.95738273859024,0.244624957442284
0.922414243221283,0.404251575469971,-0.145714223384857,-0.0498471222817898,-0.151280999183655,-0.157856568694115
0.915546596050262,0.404251575469971,-0.145714223384857,-0.854021787643433,-0.552513599395752,-0.157506048679352
0.912112832069397,0.404251575469971,-0.142054066061974,-1.2546683549881,0.252419322729111,-0.157155528664589
0.912112832069397,0.400632441043854,-0.142054066061974,-0.448224365711212,-0.149978056550026,0.647062003612518
0.918980419635773,0.407870709896088,-0.142054066061974,-0.849579930305481,-0.149544417858124,-0.158247485756874
0.912112832069397,0.400632441043854,-0.13839390873909,-0.848107755184174,-0.550778448581696,-0.5598224401474
0.908679008483887,0.400632441043854,-0.134733751416206,-0.0423702262341976,-0.147518202662468,-0.558565378189087
0.905245244503021,0.400632441043854,-0.134733751416206,-0.0422965958714485,-0.54875636100769,-0.155382871627808
0.901811420917511,0.393394142389297,-0.134733751416206,0.76204240322113,-0.547166228294373,-0.155032441020012
0.905245244503021,0.397013276815414,-0.13839390873909,0.760721206665039,-0.545579850673676,0.247239515185356
0.908679008483887,0.397013276815414,-0.142054066061974,1.56367254257202,-0.543997228145599,0.24667951464653
0.908679008483887,0.397013276815414,-0.145714223384857,1.5609678030014,-0.542418360710144,0.24611958861351
0.912112832069397,0.400632441043854,-0.14937436580658,0.753998696804047,-0.540843188762665,0.245559751987457
0.918980419635773,0.397013276815414,-0.14937436580658,0.75269740819931,-0.539271831512451,0.245000004768372
0.915546596050262,0.400632441043854,-0.14937436580658,1.15353751182556,0.265617847442627,-0.157471492886543
0.915546596050262,0.404251575469971,-0.145714223384857,1.15155124664307,-0.136815086007118,-0.55902099609375
0.918980419635773,0.397013276815414,-0.14937436580658,1.5517098903656,0.265242844820023,-0.557738780975342
0.912112832069397,0.397013276815414,-0.14937436580658,1.54904413223267,0.26447057723999,-0.154550701379776
0.908679008483887,0.400632441043854,-0.14937436580658,0.742104470729828,0.263700187206268,-0.556099057197571
0.905245244503021,0.397013276815414,-0.14937436580658,0.740832448005676,-0.138726353645325,-0.152913302183151
0.908679008483887,0.397013276815414,-0.145714223384857,0.739564061164856,-0.138321831822395,0.249340817332268
0.898377656936646,0.400632441043854,-0.14937436580658,0.738299250602722,-0.539575099945068,-0.153135567903519
0.908679008483887,0.397013276815414,-0.145714223384857,1.13918197154999,-0.538000166416168,0.249116763472557
0.915546596050262,0.397013276815414,-0.153034523129463,1.53938269615173,-0.536429047584534,0.650432229042053
0.918980419635773,0.397013276815414,-0.156694680452347,0.732468068599701,-0.534861743450165,0.247023120522499
0.918980419635773,0.400632441043854,-0.156694680452347,0.731214463710785,-0.533298254013062,0.246446251869202
0.912112832069397,0.400632441043854,-0.153034523129463,0.327818095684052,-0.531738519668579,0.647759079933167
0.918980419635773,0.400632441043854,-0.153034523129463,0.327252417802811,0.273124009370804,1.04812824726105
0.922414243221283,0.404251575469971,-0.156694680452347,0.72881954908371,0.272324472665787,0.643780589103699
0.925848007202148,0.404251575469971,-0.153034523129463,-0.0767108574509621,-0.130125343799591,-0.161502525210381
0.912112832069397,0.400632441043854,-0.14937436580658,0.325551599264145,0.271907597780228,-0.161121770739555
0.901811420917511,0.400632441043854,-0.145714223384857,-0.0771449208259583,0.271110475063324,-0.160741195082664
0.898377656936646,0.400632441043854,-0.142054066061974,0.32511380314827,0.270315319299698,-0.160360813140869
0.905245244503021,0.397013276815414,-0.142054066061974,0.726659417152405,-0.533777832984924,0.241896376013756
0.908679008483887,0.393394142389297,-0.14937436580658,1.52961885929108,-0.933860301971436,0.241321831941605
0.915546596050262,0.393394142389297,-0.153034523129463,1.52692234516144,-0.931117534637451,-0.161125883460045
0.908679008483887,0.389775007963181,-0.153034523129463,1.12211096286774,-0.928381562232971,0.643001735210419
0.912112832069397,0.400632441043854,-0.156694680452347,0.718007445335388,-0.925652384757996,1.04333627223969
0.915546596050262,0.397013276815414,-0.153034523129463,0.314616113901138,-0.521282732486725,1.04084026813507
0.922414243221283,0.400632441043854,-0.14937436580658,0.314055681228638,-0.118102200329304,1.44021248817444
0.929281830787659,0.404251575469971,-0.14937436580658,0.313494086265564,-0.117754548788071,0.633024990558624
0.925848007202148,0.407870709896088,-0.142054066061974,0.715040385723114,0.284237951040268,-0.574092209339142
0.918980419635773,0.404251575469971,-0.145714223384857,1.11585831642151,0.283400505781174,-0.572719395160675
0.912112832069397,0.400632441043854,-0.145714223384857,0.30963334441185,0.282565176486969,0.232388705015182
0.912112832069397,0.404251575469971,-0.14937436580658,-0.0930295214056969,0.281731963157654,-0.170037344098091
0.912112832069397,0.404251575469971,-0.13839390873909,0.711336314678192,0.280900806188583,-0.169633135199547
0.908679008483887,0.400632441043854,-0.142054066061974,0.710035681724548,-0.121571354568005,0.232645615935326
0.905245244503021,0.400632441043854,-0.14937436580658,0.708732724189758,-0.522855043411255,0.232094720005989
0.905245244503021,0.393394142389297,-0.14937436580658,0.707427501678467,-0.521310567855835,0.231546193361282
0.901811420917511,0.393394142389297,-0.145714223384857,0.706120014190674,-0.519770085811615,1.03476369380951
0.908679008483887,0.397013276815414,-0.145714223384857,1.10689520835876,-0.518233478069305,1.03232765197754
0.905245244503021,0.397013276815414,-0.145714223384857,1.50691711902618,-0.516700744628906,1.02990198135376
0.901811420917511,0.397013276815414,-0.145714223384857,1.10202288627625,-0.515171945095062,-0.178175285458565
0.898377656936646,0.393394142389297,-0.142054066061974,1.0999573469162,-0.112007409334183,0.626020014286041
0.894943833351135,0.397013276815414,-0.142054066061974,1.90203738212585,-0.11167573928833,1.42833936214447
0.898377656936646,0.397013276815414,-0.14937436580658,2.30054044723511,-0.512983620166779,0.219330623745918
0.901811420917511,0.397013276815414,-0.14937436580658,2.29622530937195,-0.109825126826763,0.620714664459229
0.912112832069397,0.400632441043854,-0.153034523129463,2.29192399978638,-0.109499521553516,0.217376500368118
0.918980419635773,0.400632441043854,-0.156694680452347,1.48347961902618,0.2924624979496,0.21687251329422
0.915546596050262,0.400632441043854,-0.153034523129463,0.676549315452576,0.291594743728638,0.618270456790924
0.915546596050262,0.404251575469971,-0.14937436580658,-0.128873854875565,0.290729194879532,0.214940771460533
0.922414243221283,0.404251575469971,-0.14937436580658,0.675529181957245,0.289865911006927,0.616343021392822
0.929281830787659,0.404251575469971,-0.14937436580658,0.674272239208221,0.28900483250618,1.0168114900589
0.932715594768524,0.404251575469971,-0.14937436580658,0.673019230365753,0.288145989179611,-0.191239193081856
0.929281830787659,0.404251575469971,-0.153034523129463,0.671770215034485,-0.114345088601112,-0.592693448066711
0.918980419635773,0.400632441043854,-0.156694680452347,0.670525193214417,0.287628978490829,-0.591321408748627
0.908679008483887,0.404251575469971,-0.156694680452347,-0.134888768196106,0.286773264408112,-0.58995509147644
0.901811420917511,0.400632441043854,-0.14937436580658,-0.938814163208008,0.28591975569725,-0.588594555854797
0.898377656936646,0.400632441043854,-0.145714223384857,-0.937081038951874,0.285068482160568,0.216569826006889
0.905245244503021,0.397013276815414,-0.14937436580658,0.673003971576691,0.284219413995743,0.216072246432304
0.912112832069397,0.400632441043854,-0.14937436580658,0.67176479101181,-0.519890964031219,0.215576708316803
0.912112832069397,0.397013276815414,-0.14937436580658,0.670529425144196,-0.518341362476349,-0.186826676130295
0.905245244503021,0.397013276815414,-0.14937436580658,0.669297993183136,-0.516795873641968,0.215511813759804
0.901811420917511,0.393394142389297,-0.14937436580658,0.668070375919342,-0.91688483953476,1.01884698867798
0.901811420917511,0.393394142389297,-0.14937436580658,0.666846573352814,-0.51251894235611,1.41844260692596
0.912112832069397,0.400632441043854,-0.14937436580658,0.665626645088196,-0.109359502792358,1.01330280303955
0.922414243221283,0.397013276815414,-0.153034523129463,1.06650638580322,-0.510662138462067,1.0110045671463
0.925848007202148,0.400632441043854,-0.153034523129463,0.662463366985321,-0.107508026063442,0.204875573515892
0.912112832069397,0.397013276815414,-0.153034523129463,0.661256015300751,-0.508815109729767,-1.00135242938995
0.898377656936646,0.393394142389297,-0.14937436580658,0.660052478313446,0.295961618423462,-0.195246994495392
0.894943833351135,0.393394142389297,-0.142054066061974,0.256752848625183,0.295076668262482,0.609042584896088
0.901811420917511,0.389775007963181,-0.142054066061974,1.06048810482025,-0.107433058321476,1.00960028171539
0.912112832069397,0.397013276815414,-0.145714223384857,1.46066677570343,-0.107111603021622,1.00733518600464
0.915546596050262,0.397013276815414,-0.145714223384857,1.05591905117035,-0.508417248725891,0.201219499111176
0.912112832069397,0.393394142389297,-0.14937436580658,1.85821616649628,-0.506894946098328,1.00463259220123
0.912112832069397,0.389775007963181,-0.156694680452347,1.45275509357452,-0.505376696586609,0.600457668304443
0.915546596050262,0.393394142389297,-0.153034523129463,0.645923554897308,-0.102237433195114,0.599120080471039
0.912112832069397,0.393394142389297,-0.14937436580658,0.644759714603424,0.299693644046783,0.999724149703979
0.915546596050262,0.397013276815414,-0.14937436580658,1.44780051708221,0.298795133829117,0.997505068778992
0.922414243221283,0.400632441043854,-0.14937436580658,0.640970766544342,0.297898977994919,0.191415965557098
0.918980419635773,0.400632441043854,-0.14937436580658,0.639802932739258,0.698628723621368,-0.210948452353477
0.918980419635773,0.400632441043854,-0.153034523129463,0.638632953166962,0.294909000396729,0.593402504920959
0.925848007202148,0.404251575469971,-0.156694680452347,0.637460887432098,0.294023662805557,0.190150424838066
0.925848007202148,0.400632441043854,-0.153034523129463,-0.167893350124359,0.293140709400177,0.189732059836388
0.918980419635773,0.400632441043854,-0.14937436580658,-0.971766591072083,0.292260140180588,-0.212631925940514
0.908679008483887,0.400632441043854,-0.145714223384857,-0.165797367691994,0.291381925344467,-0.212165698409081
0.901811420917511,0.397013276815414,-0.142054066061974,0.638692736625671,-0.512736320495605,0.592199325561523
0.905245244503021,0.400632441043854,-0.142054066061974,-0.166665405035019,-0.51119464635849,0.992857158184052
0.912112832069397,0.397013276815414,-0.14937436580658,0.637829303741455,-0.509657084941864,0.990682601928711
0.915546596050262,0.397013276815414,-0.145714223384857,0.636663556098938,-0.508123755455017,0.988507688045502
0.912112832069397,0.393394142389297,-0.14937436580658,1.03759825229645,-0.50659453868866,0.584386885166168
0.905245244503021,0.393394142389297,-0.145714223384857,0.633608996868134,-0.505069434642792,0.181154400110245
0.898377656936646,0.389775007963181,-0.142054066061974,0.632455408573151,-0.101929545402527,0.180753916501999
0.894943833351135,0.393394142389297,-0.142054066061974,1.03340494632721,0.299996078014374,0.180353403091431
0.901811420917511,0.393394142389297,-0.145714223384857,1.83572912216187,0.299092173576355,0.983827650547028
0.912112832069397,0.397013276815414,-0.153034523129463,2.23450088500977,-0.505045056343079,0.981637716293335
0.925848007202148,0.400632441043854,-0.156694680452347,1.42624866962433,0.299712657928467,0.577514410018921
0.922414243221283,0.397013276815414,-0.156694680452347,1.42366826534271,-0.504425585269928,0.174291804432869
0.918980419635773,0.397013276815414,-0.156694680452347,0.61688756942749,-0.101287074387074,0.173901230096817
0.912112832069397,0.400632441043854,-0.153034523129463,0.21366922557354,0.300635039806366,0.173510685563087
0.915546596050262,0.400632441043854,-0.14937436580658,0.615390062332153,0.701343715190887,0.575045526027679
0.925848007202148,0.400632441043854,-0.14937436580658,0.614282250404358,0.297610431909561,0.573748409748077
0.932715594768524,0.404251575469971,-0.14937436580658,0.613177835941315,0.296711623668671,0.170530006289482
0.929281830787659,0.404251575469971,-0.153034523129463,0.612076759338379,0.295815259218216,0.170143693685532
0.915546596050262,0.397013276815414,-0.14937436580658,0.208869472146034,-0.508308172225952,-0.634077608585358
0.912112832069397,0.397013276815414,-0.145714223384857,0.208495333790779,-0.105157300829887,0.573111653327942
0.918980419635773,0.397013276815414,-0.142054066061974,-0.193989023566246,-0.104839362204075,0.973718702793121
0.918980419635773,0.397013276815414,-0.142054066061974,0.610582053661346,-0.104522302746773,0.167670726776123
0.912112832069397,0.393394142389297,-0.142054066061974,0.609492421150208,-0.104206115007401,-0.234622940421104
0.901811420917511,0.389775007963181,-0.145714223384857,1.41263401508331,0.297722309827805,0.569731116294861
0.898377656936646,0.389775007963181,-0.14937436580658,1.81223392486572,-0.104791589081287,0.568421423435211
0.898377656936646,0.389775007963181,-0.14937436580658,1.80901157855988,-0.104474328458309,1.3709203004837
0.912112832069397,0.393394142389297,-0.14937436580658,1.40368223190308,-0.505770087242126,1.36776840686798
0.918980419635773,0.393394142389297,-0.14937436580658,2.20542740821838,-0.50423800945282,0.158906802535057
0.912112832069397,0.393394142389297,-0.156694680452347,2.20151996612549,-0.101098746061325,0.1585413813591
0.908679008483887,0.389775007963181,-0.156694680452347,2.19762444496155,0.300818830728531,0.158176064491272
0.912112832069397,0.389775007963181,-0.156694680452347,2.1937403678894,-0.503314793109894,0.961614727973938
0.915546596050262,0.393394142389297,-0.16035483777523,2.18986773490906,-0.50178861618042,0.557489931583405
0.915546596050262,0.389775007963181,-0.156694680452347,1.38176310062408,-0.098656453192234,-0.649502873420715
0.912112832069397,0.386155873537064,-0.153034523129463,2.18357491493225,-0.0983571484684944,0.155801236629486
0.912112832069397,0.389775007963181,-0.156694680452347,1.37548720836639,-0.499668270349503,0.959253370761871
0.912112832069397,0.389775007963181,-0.153034523129463,0.970946371555328,-0.498151630163193,0.555143654346466
0.912112832069397,0.389775007963181,-0.153034523129463,0.969242572784424,-0.49663919210434,0.95577996969223
0.908679008483887,0.389775007963181,-0.156694680452347,1.36966979503632,-0.896739661693573,0.149772495031357
0.908679008483887,0.389775007963181,-0.14937436580658,1.367271900177,-0.492407381534576,0.551342606544495
0.912112832069397,0.389775007963181,-0.16035483777523,0.962753534317017,-0.490911275148392,1.35391366481781
0.915546596050262,0.389775007963181,-0.16035483777523,0.156815096735954,-0.8910271525383,0.547002196311951
0.912112832069397,0.393394142389297,-0.164014995098114,0.558670818805695,-0.486711144447327,0.947677195072174
0.918980419635773,0.393394142389297,-0.164014995098114,0.557697415351868,-0.485231280326843,1.34744787216187
0.925848007202148,0.397013276815414,-0.164014995098114,0.556726813316345,-0.0821486562490463,0.540557861328125
0.929281830787659,0.397013276815414,-0.16035483777523,-0.248504534363747,-0.0818987637758255,0.137414768338203
0.925848007202148,0.400632441043854,-0.156694680452347,-0.650205612182617,-0.0816495716571808,-0.264818876981735
0.912112832069397,0.397013276815414,-0.14937436580658,-1.0512113571167,0.320204973220825,-0.66614842414856
0.908679008483887,0.389775007963181,-0.145714223384857,-1.04939126968384,-0.0823755264282227,0.541129350662231
0.908679008483887,0.393394142389297,-0.145714223384857,-0.645441591739655,-0.48373019695282,0.137987226247787
0.905245244503021,0.393394142389297,-0.145714223384857,-0.242190912365913,-0.482257008552551,0.137678369879723
0.908679008483887,0.393394142389297,-0.145714223384857,0.964639604091644,-0.882392883300781,0.137370750308037
0.905245244503021,0.389775007963181,-0.14937436580658,0.962978780269623,-1.28130900859833,0.13706436753273
0.908679008483887,0.389775007963181,-0.153034523129463,0.961322665214539,-1.2774041891098,0.940629601478577
0.912112832069397,0.389775007963181,-0.156694680452347,0.557531297206879,-0.871906280517578,1.74241268634796
0.918980419635773,0.393394142389297,-0.156694680452347,0.958715498447418,-0.869247913360596,0.532732129096985
0.922414243221283,0.397013276815414,-0.156694680452347,0.95707231760025,-0.464993506669998,0.129612445831299
0.922414243221283,0.397013276815414,-0.156694680452347,1.35757625102997,-0.463575154542923,0.129325911402702
0.922414243221283,0.397013276815414,-0.156694680452347,0.550968408584595,-0.0605578161776066,0.530983567237854
0.922414243221283,0.397013276815414,-0.153034523129463,0.550027310848236,-0.0603730194270611,0.127869263291359
0.922414243221283,0.393394142389297,-0.153034523129463,0.951233565807343,0.341413766145706,-0.274358123540878
0.912112832069397,0.397013276815414,-0.153034523129463,0.547466933727264,-0.462833017110825,-0.273755848407745
0.912112832069397,0.393394142389297,-0.14937436580658,0.546534895896912,-0.461419731378555,0.128793343901634
0.908679008483887,0.389775007963181,-0.14937436580658,0.545605540275574,-0.460010498762131,0.530462384223938
0.908679008483887,0.393394142389297,-0.156694680452347,0.946826577186584,-0.860206723213196,0.529303908348083
0.915546596050262,0.393394142389297,-0.156694680452347,0.945220053195953,-0.85757839679718,0.528150022029877
0.915546596050262,0.389775007963181,-0.153034523129463,0.541468799114227,-0.854957580566406,0.125044122338295
0.915546596050262,0.389775007963181,-0.153034523129463,0.540552079677582,-0.852344214916229,0.526719868183136
0.912112832069397,0.393394142389297,-0.14937436580658,0.137485921382904,-0.849738359451294,0.123615801334381
0.905245244503021,0.389775007963181,-0.145714223384857,0.539395570755005,-0.847139894962311,0.123343750834465
0.898377656936646,0.386155873537064,-0.142054066061974,1.34275388717651,-0.442948937416077,0.52501505613327
0.894943833351135,0.386155873537064,-0.142054066061974,2.14472007751465,-0.843193590641022,0.52385425567627
0.898377656936646,0.386155873537064,-0.14937436580658,2.54317212104797,-0.439014136791229,0.522693336009979
0.905245244503021,0.386155873537064,-0.153034523129463,2.13666439056396,-0.839269816875458,0.119595088064671
0.905245244503021,0.386155873537064,-0.164014995098114,2.5351402759552,-0.836700797080994,0.119328841567039
0.908679008483887,0.389775007963181,-0.164014995098114,1.32437109947205,-0.834139168262482,0.119062595069408
0.915546596050262,0.389775007963181,-0.167675137519836,1.32210445404053,-0.429986387491226,0.118796348571777
0.922414243221283,0.389775007963181,-0.164014995098114,0.917700827121735,-0.428669452667236,0.520459353923798
0.925848007202148,0.393394142389297,-0.164014995098114,0.513989567756653,-0.427356272935867,0.921217560768127
0.932715594768524,0.397013276815414,-0.164014995098114,0.513112843036652,-0.426046878099442,0.51721864938736
0.932715594768524,0.400632441043854,-0.164014995098114,0.512238562107086,-0.0231437124311924,-0.287794709205627
0.929281830787659,0.400632441043854,-0.16035483777523,-0.292926102876663,-0.0230727754533291,-0.287144064903259
0.922414243221283,0.400632441043854,-0.156694680452347,-0.292428106069565,0.378595054149628,0.115425854921341
0.925848007202148,0.400632441043854,-0.156694680452347,-0.291931539773941,-0.0241626743227243,0.115163780748844
0.922414243221283,0.404251575469971,-0.156694680452347,0.110712386667728,-0.0240885727107525,-0.287013709545135
0.912112832069397,0.400632441043854,-0.153034523129463,-0.291624665260315,-0.827207505702972,-0.688272833824158
0.908679008483887,0.393394142389297,-0.153034523129463,0.111019134521484,-0.824669659137726,-0.284788638353348
0.908679008483887,0.389775007963181,-0.156694680452347,0.512982428073883,-1.22373509407043,0.921592533588409
0.912112832069397,0.386155873537064,-0.156694680452347,0.512116074562073,-1.6215752363205,0.517570316791534
0.912112832069397,0.389775007963181,-0.16035483777523,0.109099708497524,-2.01821112632751,0.1144744977355
0.905245244503021,0.382536739110947,-0.156694680452347,0.913222312927246,-1.61044859886169,0.516114830970764
0.905245244503021,0.382536739110947,-0.16035483777523,1.31383907794952,-1.20394062995911,0.514923453330994
0.912112832069397,0.389775007963181,-0.164014995098114,0.909475266933441,-1.20028567314148,0.513732433319092
0.915546596050262,0.389775007963181,-0.167675137519836,1.31010317802429,-1.1966518163681,0.914440214633942
0.922414243221283,0.389775007963181,-0.17133529484272,2.11221742630005,-1.19303858280182,0.912316679954529
0.925848007202148,0.393394142389297,-0.17133529484272,0.902206659317017,-1.59106492996216,-0.295490264892578
0.912112832069397,0.393394142389297,-0.17133529484272,0.498538613319397,-1.18466436862946,-1.09859704971313
0.898377656936646,0.389775007963181,-0.164014995098114,0.0955465212464333,-1.18111598491669,0.109644316136837
0.905245244503021,0.389775007963181,-0.16035483777523,0.0953869074583054,-1.17758750915527,1.31509077548981
0.922414243221283,0.393394142389297,-0.16035483777523,0.0952277258038521,-1.97734272480011,0.910152018070221
0.936149418354034,0.397013276815414,-0.16035483777523,0.497229486703873,-2.37310194969177,-0.297656387090683
0.936149418354034,0.397013276815414,-0.164014995098114,0.898562729358673,-2.76770663261414,-0.698876857757568
0.932715594768524,0.389775007963181,-0.164014995098114,2.10355377197266,-3.16116666793823,-1.09917891025543
0.925848007202148,0.389775007963181,-0.167675137519836,0.491407811641693,-3.55349111557007,-0.694750845432281
0.922414243221283,0.389775007963181,-0.164014995098114,1.29491877555847,-3.14139413833618,-0.693161308765411
0.918980419635773,0.389775007963181,-0.167675137519836,1.29277169704437,-3.53383111953735,0.112245813012123
0.918980419635773,0.393394142389297,-0.17133529484272,1.69279503822327,-3.92514681816101,-0.289923846721649
0.918980419635773,0.393394142389297,-0.17133529484272,2.49432492256165,-3.9136974811554,-1.0930951833725
0.912112832069397,0.389775007963181,-0.174995452165604,2.49020195007324,-3.90231418609619,-0.28677836060524
0.918980419635773,0.386155873537064,-0.185975909233093,2.08392333984375,-3.89099645614624,0.115790583193302
0.918980419635773,0.386155873537064,-0.189636066555977,2.08048582077026,-3.47807693481445,0.115528576076031
0.915546596050262,0.386155873537064,-0.189636066555977,1.27272129058838,-3.46804714202881,-0.286654531955719
0.912112832069397,0.386155873537064,-0.19329622387886,1.27062630653381,-3.45807480812073,-0.286008238792419
0.898377656936646,0.378917574882507,-0.189636066555977,0.866367280483246,-3.84983611106873,0.116560868918896
0.894943833351135,0.378917574882507,-0.185975909233093,0.060603529214859,-3.83882832527161,0.518226146697998
0.901811420917511,0.382536739110947,-0.185975909233093,-0.743837952613831,-4.22956657409668,0.115135326981544
0.908679008483887,0.378917574882507,-0.185975909233093,0.061724778264761,-4.21753740310669,0.516807973384857
0.908679008483887,0.378917574882507,-0.189636066555977,0.463796079158783,-4.2055721282959,0.515653192996979
0.912112832069397,0.378917574882507,-0.185975909233093,-0.341308742761612,-4.99705410003662,0.514503121376038
0.905245244503021,0.382536739110947,-0.185975909233093,-0.340750962495804,-4.98294734954834,0.111422449350357
0.89151006937027,0.378917574882507,-0.185975909233093,-1.54671919345856,-4.96891498565674,0.111174814403057
0.89151006937027,0.378917574882507,-0.182315766811371,-1.1420236825943,-4.95495700836182,0.914804816246033
0.901811420917511,0.382536739110947,-0.178655609488487,-1.14016616344452,-4.53936862945557,1.31471884250641
0.912112832069397,0.386155873537064,-0.182315766811371,-1.54049241542816,-4.92838478088379,0.909870862960815
0.918980419635773,0.389775007963181,-0.185975909233093,-1.13581573963165,-4.91464138031006,0.907862901687622
0.922414243221283,0.389775007963181,-0.182315766811371,-1.13397693634033,-4.90096950531006,0.503918290138245
0.922414243221283,0.393394142389297,-0.185975909233093,-1.93650567531586,-4.08394050598145,0.100863970816135
0.922414243221283,0.393394142389297,-0.178655609488487,-2.73774409294128,-4.07263422012329,0.502585709095001
0.922414243221283,0.397013276815414,-0.174995452165604,-2.73333263397217,-4.06138610839844,0.903417348861694
0.932715594768524,0.400632441043854,-0.17133529484272,-2.72893476486206,-4.05019617080688,0.499476790428162
0.936149418354034,0.404251575469971,-0.167675137519836,-1.92018115520477,-4.03906393051147,0.0964302644133568
0.9395831823349,0.407870709896088,-0.17133529484272,-1.11272954940796,-4.02795219421387,-0.70765608549118
0.94301700592041,0.411489844322205,-0.167675137519836,-0.708760619163513,-4.01686143875122,-1.10802209377289
0.94301700592041,0.407870709896088,-0.17133529484272,-0.305439114570618,-4.40751361846924,-1.10556602478027
0.946450769901276,0.418728142976761,-0.17133529484272,-0.304950892925262,-4.39535665512085,-2.30894160270691
0.94301700592041,0.418728142976761,-0.17133529484272,0.49991363286972,-4.38322305679321,-3.10772848129272
0.929281830787659,0.418728142976761,-0.167675137519836,1.30349612236023,-4.77283191680908,-3.90477061271667
0.918980419635773,0.418728142976761,-0.167675137519836,2.10580253601074,-5.16135215759277,-4.7000789642334
0.905245244503021,0.404251575469971,-0.17133529484272,3.30903053283691,-4.74535036087036,-5.1029109954834
0.901811420917511,0.404251575469971,-0.178655609488487,4.10816431045532,-5.13392305374146,-4.2972469329834
0.894943833351135,0.397013276815414,-0.178655609488487,4.10816431045532,-5.11969089508057,-3.49158263206482
0.89151006937027,0.393394142389297,-0.19329622387886,4.91382837295532,-5.50725030899048,-3.89441466331482
0.884642481803894,0.393394142389297,-0.200616538524628,4.51099634170532,-5.89377737045288,-3.08875060081482
0.881208658218384,0.393394142389297,-0.211596995592117,4.51099634170532,-5.87755632400513,-1.88025450706482
0.881208658218384,0.389775007963181,-0.218917295336723,5.31666040420532,-5.45969247817993,-0.670284748077393
0.881208658218384,0.393394142389297,-0.226237609982491,4.10816431045532,-6.24819469451904,-1.0707676410675
0.877774834632874,0.386155873537064,-0.229897767305374,3.70533227920532,-6.63285160064697,-0.666476607322693
0.870907247066498,0.389775007963181,-0.229897767305374,2.49683618545532,-6.21303510665894,0.540838003158569
0.870907247066498,0.386155873537064,-0.229897767305374,0.885508120059967,-6.19613695144653,1.74552917480469
0.881208658218384,0.382536739110947,-0.226237609982491,0.482676118612289,-6.58106279373169,2.14836120605469
0.884642481803894,0.386155873537064,-0.222577452659607,-0.322987943887711,-6.56324768066406,1.74552917480469
0.88807624578476,0.386155873537064,-0.218917295336723,-0.725820004940033,-6.54552173614502,2.14836120605469
0.894943833351135,0.382536739110947,-0.215257152915001,-0.322987943887711,-6.92963171005249,1.74552917480469
0.898377656936646,0.386155873537064,-0.218917295336723,-0.322987943887711,-7.71450138092041,0.939865112304688
0.898377656936646,0.389775007963181,-0.215257152915001,-0.725820004940033,-7.29205894470215,0.134201049804688
0.905245244503021,0.389775007963181,-0.215257152915001,-0.322987943887711,-6.87079238891602,0.537033081054688
0.908679008483887,0.393394142389297,-0.211596995592117,0.0798440724611282,-6.85244941711426,-0.268630981445312
0.908679008483887,0.397013276815414,-0.215257152915001,-0.322987943887711,-7.23595666885376,-0.268630981445312
0.912112832069397,0.397013276815414,-0.218917295336723,-0.322987943887711,-6.81496524810791,0.134201049804688
0.908679008483887,0.393394142389297,-0.215257152915001,-1.12865197658539,-6.39513206481934,0.53586745262146
0.898377656936646,0.400632441043854,-0.207936838269234,-1.93431603908539,-6.77998018264771,0.132747307419777
0.884642481803894,0.400632441043854,-0.196956381201744,-1.93431603908539,-5.95854759216309,0.936383187770844
0.877774834632874,0.397013276815414,-0.19329622387886,-1.12865197658539,-5.54108428955078,1.73829019069672
0.874341070652008,0.389775007963181,-0.19329622387886,0.481911242008209,-6.33007192611694,2.94044423103333
0.870907247066498,0.393394142389297,-0.200616538524628,0.883343398571014,-6.31341981887817,4.14002990722656
0.874341070652008,0.389775007963181,-0.211596995592117,1.28414344787598,-6.29679203033447,4.53312587738037
0.877774834632874,0.378917574882507,-0.218917295336723,2.89090418815613,-6.68195915222168,5.72934246063232
0.884642481803894,0.386155873537064,-0.229897767305374,2.88635063171387,-6.66432046890259,6.52105951309204
0.89151006937027,0.382536739110947,-0.23721806704998,2.47961282730103,-6.64670848846436,6.92389154434204
0.898377656936646,0.378917574882507,-0.244538381695747,3.28011798858643,-6.22735691070557,7.32672357559204
0.898377656936646,0.382536739110947,-0.255518853664398,2.87277460098267,-6.21086263656616,7.32672357559204
0.894943833351135,0.378917574882507,-0.262839168310165,1.66167283058167,-6.1943941116333,7.32672357559204
0.894943833351135,0.378917574882507,-0.266499310731888,0.452468305826187,-5.77618789672852,7.32672357559204
0.894943833351135,0.37529844045639,-0.27015945315361,-0.754847705364227,-5.35907649993896,8.1323881149292
0.894943833351135,0.37529844045639,-0.266499310731888,-1.9602837562561,-4.94310331344604,6.92389154434204
0.894943833351135,0.378917574882507,-0.262839168310165,-2.76164317131042,-4.52826023101807,6.92389154434204
0.905245244503021,0.378917574882507,-0.255518853664398,-4.372971534729,-4.51630830764771,6.92389154434204
0.908679008483887,0.389775007963181,-0.244538381695747,-5.581467628479,-4.10264348983765,5.71539545059204
0.912112832069397,0.389775007963181,-0.23721806704998,-5.984299659729,-3.28831648826599,3.70123553276062
0.912112832069397,0.397013276815414,-0.222577452659607,-5.581467628479,-2.47614598274231,3.29840350151062
0.908679008483887,0.397013276815414,-0.215257152915001,-6.387131690979,-1.66611516475677,2.49273943901062
0.901811420917511,0.404251575469971,-0.200616538524628,-5.984299659729,-1.25998938083649,0.881411254405975
0.884642481803894,0.407870709896088,-0.19329622387886,-5.178635597229,-0.0513593778014183,0.881411254405975
0.881208658218384,0.397013276815414,-0.185975909233093,-4.372971534729,0.351472645998001,2.08990740776062
0.88807624578476,0.407870709896088,-0.178655609488487,-2.76164317131042,1.15713667869568,2.08990740776062
0.89151006937027,0.407870709896088,-0.178655609488487,-1.15031516551971,1.55996870994568,0.881411254405975
0.898377656936646,0.404251575469971,-0.189636066555977,1.26667702198029,1.55996870994568,0.478579223155975
0.908679008483887,0.400632441043854,-0.200616538524628,3.28083729743958,1.55996870994568,1.28424322605133
0.908679008483887,0.404251575469971,-0.211596995592117,3.68366932868958,1.55996870994568,0.0757471919059753
0.905245244503021,0.404251575469971,-0.226237609982491,4.086501121521,1.55996870994568,0.0757471919059753
0.905245244503021,0.404251575469971,-0.23721806704998,3.28083729743958,1.96280074119568,1.28424322605133
0.918980419635773,0.407870709896088,-0.244538381695747,2.87800526618958,1.96280074119568,0.881411254405975
0.922414243221283,0.407870709896088,-0.244538381695747,2.07234120368958,1.96280074119568,-0.327084839344025
0.915546596050262,0.404251575469971,-0.244538381695747,1.66950905323029,2.36563277244568,-0.327084839344025
0.918980419635773,0.404251575469971,-0.248198539018631,2.07234120368958,2.36563277244568,0.0757471919059753
0.912112832069397,0.400632441043854,-0.248198539018631,0.863844990730286,2.76846480369568,0.0755858644843102
0.898377656936646,0.393394142389297,-0.244538381695747,0.0581809356808662,3.17129683494568,-1.53247833251953
0.884642481803894,0.389775007963181,-0.244538381695747,-1.15031516551971,3.16307067871094,-1.52922809123993
0.874341070652008,0.389775007963181,-0.240878224372864,-1.55314719676971,3.55667638778687,0.0819263160228729
0.877774834632874,0.382536739110947,-0.233557924628258,-1.15031516551971,3.54749727249146,1.68967807292938
0.894943833351135,0.389775007963181,-0.229897767305374,-1.55314719676971,3.53836536407471,0.882149815559387
0.898377656936646,0.382536739110947,-0.229897767305374,-1.15031516551971,3.12748193740845,-0.727643847465515
0.898377656936646,0.382536739110947,-0.229897767305374,-0.747483134269714,3.11946892738342,-0.726115763187408
0.88807624578476,0.382536739110947,-0.233557924628258,-0.747483134269714,3.11149382591248,-0.322605907917023
0.894943833351135,0.386155873537064,-0.23721806704998,-1.55314719676971,3.50536060333252,-0.32193061709404
0.905245244503021,0.393394142389297,-0.23721806704998,-1.15031516551971,3.0946307182312,0.482722491025925
0.922414243221283,0.382536739110947,-0.233557924628258,-0.747483134269714,3.08677005767822,0.88370680809021
0.922414243221283,0.389775007963181,-0.23721806704998,-1.1485276222229,3.07894611358643,-1.53009128570557
0.898377656936646,0.386155873537064,-0.233557924628258,-1.14674556255341,3.07115864753723,-3.13488864898682
0.870907247066498,0.37529844045639,-0.229897767305374,-1.54717683792114,3.46522283554077,-1.11840331554413
0.870907247066498,0.37529844045639,-0.226237609982491,-1.14257442951202,3.85831332206726,0.491904228925705
0.881208658218384,0.37529844045639,-0.222577452659607,-0.73859965801239,3.4467658996582,1.69688677787781
0.901811420917511,0.382536739110947,-0.226237609982491,0.469171613454819,3.43806052207947,1.69338738918304
0.918980419635773,0.386155873537064,-0.233557924628258,1.67508375644684,3.42936444282532,0.0818904340267181
0.918980419635773,0.382536739110947,-0.240878224372864,1.67250764369965,3.42067837715149,-0.722287058830261
0.915546596050262,0.378917574882507,-0.248198539018631,1.26772582530975,3.81381225585938,-1.12281286716461
0.912112832069397,0.378917574882507,-0.251858681440353,0.461353272199631,3.80412530899048,-1.92453181743622
0.905245244503021,0.382536739110947,-0.251858681440353,-0.343783587217331,4.59806442260742,-1.11658346652985
0.905245244503021,0.378917574882507,-0.244538381695747,-1.1476902961731,3.7827410697937,-0.712297081947327
0.905245244503021,0.386155873537064,-0.244538381695747,-1.54815518856049,4.17489814758301,-1.11286151409149
0.901811420917511,0.382536739110947,-0.240878224372864,-1.14357709884644,4.56608009338379,-0.708588421344757
0.905245244503021,0.378917574882507,-0.23721806704998,-1.14183640480042,4.55448436737061,0.0968790128827095
0.912112832069397,0.386155873537064,-0.233557924628258,-1.54232048988342,4.54294300079346,-0.707352221012115
0.912112832069397,0.37529844045639,-0.233557924628258,-1.13775897026062,4.12964200973511,-1.10794448852539
0.908679008483887,0.37529844045639,-0.233557924628258,-1.53825604915619,4.92285299301147,-1.50773441791534
0.898377656936646,0.371679306030273,-0.229897767305374,-1.93815040588379,4.91045761108398,-1.50470447540283
0.894943833351135,0.368060171604156,-0.226237609982491,-1.93522143363953,5.29993963241577,-1.09966254234314
0.898377656936646,0.37529844045639,-0.226237609982491,-1.9323011636734,5.28665113449097,-0.293409913778305
0.898377656936646,0.371679306030273,-0.222577452659607,-1.52716445922852,5.27342414855957,-0.694850325584412
0.905245244503021,0.371679306030273,-0.218917295336723,-1.12264060974121,5.26025772094727,-0.29143550992012
0.912112832069397,0.368060171604156,-0.218917295336723,-0.718727052211761,5.24715137481689,-0.290854752063751
0.908679008483887,0.368060171604156,-0.215257152915001,-0.315421044826508,4.83227491378784,-2.30042839050293
0.89151006937027,0.371679306030273,-0.218917295336723,-0.314948469400406,4.82028532028198,-2.29585766792297
0.88807624578476,0.371679306030273,-0.215257152915001,-0.71670663356781,5.2101845741272,-0.683171510696411
0.901811420917511,0.37529844045639,-0.211596995592117,-0.715635299682617,5.19731092453003,0.122249878942966
0.915546596050262,0.371679306030273,-0.211596995592117,0.492124676704407,4.38081789016724,-0.682062327861786
0.922414243221283,0.37529844045639,-0.218917295336723,0.89362108707428,4.36999845504761,-1.08275151252747
0.925848007202148,0.368060171604156,-0.222577452659607,0.892288565635681,4.3591890335083,-1.08061611652374
0.922414243221283,0.371679306030273,-0.218917295336723,0.0864954218268394,4.34838962554932,-1.48052668571472
0.915546596050262,0.371679306030273,-0.218917295336723,0.488598972558975,4.73943281173706,-1.47761523723602
0.915546596050262,0.37529844045639,-0.215257152915001,0.890105009078979,4.7276554107666,-0.670631647109985
0.918980419635773,0.378917574882507,-0.215257152915001,1.29101657867432,5.51954793930054,-0.267274528741837
0.925848007202148,0.37529844045639,-0.215257152915001,1.28910160064697,5.10396194458008,-1.07083785533905
0.915546596050262,0.37529844045639,-0.215257152915001,1.28719222545624,5.09122037887573,-1.4707887172699
0.905245244503021,0.37529844045639,-0.207936838269234,1.28528833389282,5.07849216461182,-1.06587171554565
0.905245244503021,0.371679306030273,-0.207936838269234,1.28338992595673,5.46759986877441,0.142346352338791
0.918980419635773,0.371679306030273,-0.196956381201744,2.08597278594971,5.45388984680176,0.544117093086243
0.915546596050262,0.368060171604156,-0.200616538524628,3.28961658477783,5.44019412994385,-0.261038541793823
0.905245244503021,0.368060171604156,-0.200616538524628,4.08925724029541,5.42651319503784,-0.662581920623779
0.898377656936646,0.36444103717804,-0.200616538524628,4.48549175262451,5.41284656524658,-0.259246408939362
0.88807624578476,0.36444103717804,-0.207936838269234,4.47891283035278,5.8010106086731,0.545360028743744
0.901811420917511,0.36444103717804,-0.200616538524628,4.47235298156738,5.38459300994873,2.1525194644928
0.915546596050262,0.368060171604156,-0.200616538524628,4.46581172943115,4.96920490264893,1.74631190299988
0.915546596050262,0.368060171604156,-0.20427668094635,5.26377630233765,4.5548882484436,0.134723916649818
0.912112832069397,0.368060171604156,-0.207936838269234,5.65834331512451,4.54345655441284,0.134464964270592
0.908679008483887,0.37529844045639,-0.211596995592117,5.24785661697388,4.1302547454834,0.938325464725494
0.918980419635773,0.371679306030273,-0.207936838269234,6.45635271072388,4.11993265151978,1.74065005779266
0.929281830787659,0.37529844045639,-0.211596995592117,5.65068864822388,4.10965776443481,0.933198928833008
0.918980419635773,0.37529844045639,-0.211596995592117,6.05352067947388,4.50121879577637,-1.88302612304688
0.901811420917511,0.36444103717804,-0.211596995592117,6.04471588134766,4.08817195892334,-0.27118057012558
0.901811420917511,0.371679306030273,-0.211596995592117,5.23144245147705,4.47983360290527,1.33760035037994
0.908679008483887,0.368060171604156,-0.211596995592117,5.22385454177856,4.46871423721313,0.932994842529297
0.912112832069397,0.368060171604156,-0.211596995592117,5.2162880897522,4.05581140518188,0.127089664340019
0.905245244503021,0.368060171604156,-0.215257152915001,5.61099195480347,3.64394974708557,0.126849323511124
0.905245244503021,0.368060171604156,-0.215257152915001,5.2006368637085,3.23312282562256,1.33282351493835
0.912112832069397,0.371679306030273,-0.215257152915001,4.38863325119019,2.82332372665405,0.928237617015839
0.912112832069397,0.37529844045639,-0.211596995592117,3.98005604743958,2.81638813018799,0.122342668473721
0.915546596050262,0.378917574882507,-0.207936838269234,4.37657499313354,2.40763902664185,1.32833564281464
0.925848007202148,0.37529844045639,-0.20427668094635,3.56577157974243,1.99990212917328,2.12999129295349
0.936149418354034,0.382536739110947,-0.207936838269234,3.96289610862732,1.99502098560333,1.32184302806854
0.932715594768524,0.378917574882507,-0.200616538524628,4.35945415496826,2.39201235771179,0.11313459277153
0.925848007202148,0.382536739110947,-0.20427668094635,4.35319375991821,2.38619780540466,-0.28915548324585
0.915546596050262,0.371679306030273,-0.207936838269234,3.94469285011292,2.78226399421692,-0.288615256547928
0.894943833351135,0.371679306030273,-0.20427668094635,3.53678202629089,2.77552795410156,0.11400368064642
0.884642481803894,0.368060171604156,-0.20427668094635,3.53171420097351,2.36696314811707,1.32003545761108
0.898377656936646,0.360821902751923,-0.200616538524628,3.92891263961792,2.36125540733337,2.12174391746521
0.905245244503021,0.368060171604156,-0.20427668094635,3.52103567123413,2.35557293891907,0.911550641059875
0.908679008483887,0.36444103717804,-0.207936838269234,3.91825747489929,1.94805097579956,0.909858882427216
0.918980419635773,0.368060171604156,-0.211596995592117,3.91265964508057,1.54151499271393,2.51651382446289
0.929281830787659,0.371679306030273,-0.211596995592117,3.10255980491638,1.1359589099884,0.903510212898254
0.922414243221283,0.37529844045639,-0.215257152915001,2.69587635993958,0.731376528739929,0.0976652801036835
0.918980419635773,0.37529844045639,-0.215257152915001,2.69203329086304,1.53337800502777,0.499573290348053
0.922414243221283,0.371679306030273,-0.207936838269234,2.28594017028809,1.52973139286041,0.498652130365372
0.929281830787659,0.378917574882507,-0.207936838269234,1.4781688451767,1.52610039710999,-0.306446582078934
0.929281830787659,0.37529844045639,-0.20427668094635,2.68284320831299,1.92436301708221,-0.30588299036026
0.925848007202148,0.368060171604156,-0.200616538524628,2.67902970314026,1.51793360710144,-0.30532118678093
0.912112832069397,0.368060171604156,-0.200616538524628,2.27296447753906,2.31811451911926,-1.51104187965393
0.898377656936646,0.36444103717804,-0.20427668094635,1.86747789382935,2.31265497207642,-0.70408684015274
0.898377656936646,0.368060171604156,-0.20427668094635,1.86482906341553,2.30721879005432,1.30767869949341
0.908679008483887,0.36444103717804,-0.207936838269234,1.05766379833221,2.3018057346344,0.903194963932037
0.918980419635773,0.368060171604156,-0.20427668094635,1.05616569519043,2.29641580581665,0.0973530858755112
0.915546596050262,0.36444103717804,-0.207936838269234,1.85919463634491,1.48726749420166,0.499274373054504
0.918980419635773,0.36444103717804,-0.207936838269234,0.649778187274933,1.48379814624786,0.900465905666351
0.915546596050262,0.36444103717804,-0.200616538524628,0.246597319841385,1.07844936847687,0.0946296900510788
0.901811420917511,0.368060171604156,-0.200616538524628,0.246249482035637,1.47782588005066,-0.307643294334412
0.894943833351135,0.36444103717804,-0.196956381201744,0.245902583003044,1.47437167167664,0.497118562459946
0.901811420917511,0.36444103717804,-0.196956381201744,0.245556637644768,1.06903028488159,0.898322284221649
0.905245244503021,0.368060171604156,-0.196956381201744,0.647477746009827,1.06652200222015,-0.309613317251205
0.905245244503021,0.36444103717804,-0.200616538524628,1.04883515834808,1.46589982509613,0.495155483484268
0.918980419635773,0.368060171604156,-0.20427668094635,0.645096778869629,0.658686697483063,0.896368861198425
0.932715594768524,0.37529844045639,-0.20427668094635,0.241925090551376,0.255255520343781,0.0905414894223213
0.932715594768524,0.371679306030273,-0.211596995592117,0.643853783607483,0.656549394130707,0.0903786867856979
0.932715594768524,0.37529844045639,-0.215257152915001,0.6429523229599,0.655017793178558,-0.311892241239548
0.929281830787659,0.378917574882507,-0.215257152915001,-0.16248407959938,0.653492629528046,-1.11555182933807
0.922414243221283,0.371679306030273,-0.215257152915001,-0.162256896495819,0.651973962783813,-1.11355340480804
0.915546596050262,0.37529844045639,-0.215257152915001,-0.162030190229416,0.650461614131927,0.496884047985077
0.922414243221283,0.37529844045639,-0.211596995592117,-0.564073503017426,0.648955643177032,0.49599614739418
0.925848007202148,0.37529844045639,-0.207936838269234,-0.161016508936882,0.245554864406586,-0.30911523103714
0.922414243221283,0.36444103717804,-0.20427668094635,0.241478353738785,0.646891355514526,-0.710678160190582
0.905245244503021,0.368060171604156,-0.207936838269234,-0.56339955329895,0.645402073860168,-1.11152768135071
0.88807624578476,0.36444103717804,-0.207936838269234,-0.964886128902435,1.44771873950958,0.0967960059642792
0.89151006937027,0.36444103717804,-0.207936838269234,-0.561271965503693,1.04247140884399,1.70509028434753
0.905245244503021,0.360821902751923,-0.20427668094635,-0.96276330947876,0.638157844543457,1.70206558704376
0.915546596050262,0.36444103717804,-0.200616538524628,-1.3636976480484,-0.16711750626564,0.492694973945618
0.905245244503021,0.360821902751923,-0.200616538524628,-0.959531188011169,0.235166415572166,-0.312415212392807
0.901811420917511,0.349964469671249,-0.200616538524628,-0.958199501037598,-0.167274981737137,0.492377012968063
0.905245244503021,0.360821902751923,-0.200616538524628,-1.35914397239685,-0.56877613067627,0.0893868878483772
0.901811420917511,0.36444103717804,-0.200616538524628,-0.954986453056335,-0.567450881004333,0.4913509786129
0.915546596050262,0.36444103717804,-0.20427668094635,-0.551389694213867,-0.566131234169006,2.50109839439392
0.932715594768524,0.36444103717804,-0.20427668094635,-0.952900946140289,-0.966714143753052,0.888205111026764
0.922414243221283,0.368060171604156,-0.200616538524628,-0.951582908630371,-0.562575697898865,-3.13460087776184
0.874341070652008,0.357202738523483,-0.20427668094635,-0.950267493724823,0.242526233196259,-2.72697973251343
0.853738307952881,0.353583604097366,-0.200616538524628,-0.948946297168732,0.643868744373322,0.494809091091156
0.867473483085632,0.357202738523483,-0.19329622387886,-1.75215673446655,1.04428935050964,2.10245728492737
0.88807624578476,0.357202738523483,-0.189636066555977,-0.945161461830139,0.238076612353325,1.29453134536743
0.898377656936646,0.360821902751923,-0.196956381201744,0.262962162494659,0.237530171871185,0.488016039133072
0.894943833351135,0.357202738523483,-0.200616538524628,0.262590497732162,-0.164923161268234,0.0850359350442886
0.884642481803894,0.353583604097366,-0.207936838269234,-0.542306542396545,-0.566456913948059,0.0848883613944054
0.877774834632874,0.360821902751923,-0.20427668094635,-0.943796098232269,-0.565163969993591,0.0847412869334221
0.881208658218384,0.357202738523483,-0.200616538524628,-0.942448019981384,-0.161962121725082,1.29100048542023
0.89151006937027,0.360821902751923,-0.19329622387886,-1.34334778785706,-0.161593794822693,0.484498381614685
0.884642481803894,0.360821902751923,-0.189636066555977,-0.536907196044922,-0.563144624233246,-0.722749590873718
0.874341070652008,0.357202738523483,-0.189636066555977,-0.133881703019142,-0.15994793176651,-0.319366991519928
0.877774834632874,0.360821902751923,-0.189636066555977,-0.535934925079346,0.242330446839333,0.887601435184479
0.881208658218384,0.360821902751923,-0.189636066555977,-0.132909938693047,0.241776883602142,0.0817968100309372
0.881208658218384,0.360821902751923,-0.196956381201744,0.269531041383743,0.241225615143776,-0.320485442876816
0.877774834632874,0.353583604097366,-0.196956381201744,0.671389698982239,-0.161237165331841,-0.319937527179718
0.867473483085632,0.353583604097366,-0.196956381201744,-0.134080141782761,0.241041705012321,-1.52582478523254
0.850304484367371,0.346345335245132,-0.196956381201744,-0.133886322379112,0.642396509647369,-0.718933582305908
0.843436896800995,0.342726200819016,-0.19329622387886,-0.938193261623383,0.64091956615448,0.890876352787018
0.846870720386505,0.346345335245132,-0.189636066555977,-0.936839163303375,0.639443099498749,0.889363288879395
0.846870720386505,0.342726200819016,-0.185975909233093,-0.533236920833588,0.637967050075531,0.887854397296906
0.853738307952881,0.339107036590576,-0.185975909233093,-0.130216956138611,0.636491417884827,2.09279775619507
0.860605895519257,0.339107036590576,-0.185975909233093,-0.532281339168549,-0.168780580163002,0.480654656887054
0.846870720386505,0.339107036590576,-0.182315766811371,-0.129263043403625,-0.16838863492012,-1.12876152992249
0.822834134101868,0.335487902164459,-0.182315766811371,-0.12907600402832,-0.167996823787689,-0.322551727294922
0.822834134101868,0.335487902164459,-0.182315766811371,-0.128888219594955,0.234287723898888,0.884449541568756
0.836569309234619,0.339107036590576,-0.174995452165604,-0.128699705004692,0.233740463852882,1.68726515769958
0.850304484367371,0.342726200819016,-0.178655609488487,0.273729205131531,0.233193412423134,0.880116820335388
0.857172071933746,0.339107036590576,-0.178655609488487,1.07780730724335,-0.169240832328796,0.0743275359272957
0.860605895519257,0.339107036590576,-0.185975909233093,1.07622492313385,0.233042418956757,-1.13226330280304
0.843436896800995,0.342726200819016,-0.185975909233093,1.07464599609375,0.634377717971802,-2.33683347702026
0.829701721668243,0.339107036590576,-0.189636066555977,1.07307076454163,0.632881760597229,-1.12644803524017
0.829701721668243,0.339107036590576,-0.185975909233093,0.669256985187531,1.03326678276062,0.886228084564209
0.843436896800995,0.339107036590576,-0.185975909233093,1.4727623462677,0.628942489624023,0.482589215040207
0.846870720386505,0.349964469671249,-0.185975909233093,1.06836557388306,0.627451062202454,-0.724697232246399
0.836569309234619,0.342726200819016,-0.189636066555977,1.0668044090271,1.42971050739288,-1.12565338611603
0.836569309234619,0.346345335245132,-0.185975909233093,1.06524670124054,1.42630767822266,-0.319457769393921
0.822834134101868,0.342726200819016,-0.185975909233093,1.46593677997589,1.42291963100433,-0.72109192609787
0.815966546535492,0.339107036590576,-0.185975909233093,0.659310102462769,1.41954636573792,0.0844320952892303
0.826267898082733,0.331868767738342,-0.182315766811371,0.658349633216858,1.01430857181549,0.888624727725983
0.826267898082733,0.331868767738342,-0.178655609488487,1.05963695049286,1.01191329956055,0.0828237310051918
0.812532722949982,0.331868767738342,-0.178655609488487,1.05809569358826,1.0095282793045,-0.721648514270782
0.802231311798096,0.328249633312225,-0.185975909233093,1.05655777454376,1.00715339183807,0.486045688390732
0.805665135383606,0.328249633312225,-0.182315766811371,1.45727026462555,1.00478875637054,0.8874152302742
0.812532722949982,0.324630498886108,-0.182315766811371,1.052898645401,0.600540697574615,0.885957419872284
0.815966546535492,0.331868767738342,-0.182315766811371,1.85583424568176,1.00100791454315,0.482332557439804
0.819400310516357,0.328249633312225,-0.185975909233093,1.85309541225433,0.596763551235199,0.883713483810425
0.822834134101868,0.331868767738342,-0.185975909233093,1.85034608840942,0.193472743034363,0.0779216066002846
0.819400310516357,0.328249633312225,-0.185975909233093,1.44535517692566,-0.208863124251366,-1.12872493267059
0.809098958969116,0.335487902164459,-0.189636066555977,1.84541654586792,0.595383942127228,-0.724706530570984
0.812532722949982,0.331868767738342,-0.189636066555977,1.84263563156128,0.593967735767365,1.28734838962555
0.829701721668243,0.339107036590576,-0.189636066555977,1.43762290477753,0.190680265426636,1.28524875640869
0.836569309234619,0.335487902164459,-0.185975909233093,1.0332156419754,0.59209543466568,-0.727723717689514
0.819400310516357,0.339107036590576,-0.185975909233093,1.03163492679596,0.590679466724396,-2.33524465560913
0.79536372423172,0.331868767738342,-0.189636066555977,1.0300487279892,0.99113130569458,-2.33144950866699
0.791929960250854,0.328249633312225,-0.189636066555977,0.626247584819794,0.988752603530884,0.889760553836823
0.812532722949982,0.331868767738342,-0.185975909233093,0.223068654537201,0.986375451087952,2.09485745429993
0.815966546535492,0.331868767738342,-0.185975909233093,1.02712762355804,0.983999907970428,0.0805666968226433
0.805665135383606,0.331868767738342,-0.189636066555977,1.0255172252655,0.579765796661377,-0.723926305770874
0.79879754781723,0.328249633312225,-0.19329622387886,0.62170422077179,0.578364729881287,0.483788400888443
0.805665135383606,0.331868767738342,-0.19329622387886,-0.988066375255585,0.576964616775513,0.483009487390518
0.812532722949982,0.328249633312225,-0.189636066555977,-1.38871133327484,-0.228144884109497,0.884417474269867
0.815966546535492,0.331868767738342,-0.185975909233093,-0.582131326198578,-0.227590724825859,0.48081248998642
0.815966546535492,0.331868767738342,-0.185975909233093,-0.581217706203461,-0.227036982774734,0.480041950941086
0.819400310516357,0.335487902164459,-0.185975909233093,-0.178106144070625,-0.226483672857285,0.0770863816142082
0.822834134101868,0.339107036590576,-0.185975909233093,-0.580029129981995,0.175917863845825,-0.727413654327393
0.826267898082733,0.339107036590576,-0.185975909233093,-0.57912290096283,-0.226359322667122,-0.726253271102905
0.826267898082733,0.346345335245132,-0.185975909233093,-0.980423033237457,-0.225804939866066,-0.322906106710434
0.833135485649109,0.346345335245132,-0.185975909233093,-0.576691269874573,-0.62710052728653,-0.724583983421326
0.836569309234619,0.346345335245132,-0.189636066555977,-0.173588648438454,-0.625570893287659,-0.321241050958633
0.836569309234619,0.342726200819016,-0.19329622387886,-0.173318728804588,-0.222196668386459,-0.722925066947937
0.822834134101868,0.342726200819016,-0.189636066555977,-0.575255751609802,0.582049965858459,-1.92836356163025
0.802231311798096,0.342726200819016,-0.189636066555977,-0.976569712162018,0.580638825893402,-1.52312016487122
0.791929960250854,0.331868767738342,-0.185975909233093,-1.37726271152496,0.579233944416046,0.490265011787415
0.79879754781723,0.331868767738342,-0.178655609488487,-1.37512910366058,0.577835261821747,1.29388570785522
0.79879754781723,0.331868767738342,-0.174995452165604,-1.37300050258636,0.576442778110504,0.487452507019043
0.79536372423172,0.328249633312225,-0.174995452165604,-0.164250060915947,0.575051188468933,0.888883352279663
0.802231311798096,0.328249633312225,-0.174995452165604,0.23821334540844,0.171802699565887,0.88748574256897
0.802231311798096,0.324630498886108,-0.182315766811371,0.237845614552498,0.171386554837227,0.886091589927673
0.812532722949982,0.324630498886108,-0.178655609488487,0.237478792667389,-0.632738530635834,0.884700953960419
0.815966546535492,0.339107036590576,-0.182315766811371,0.23711284995079,-1.0330536365509,0.0789129659533501
0.815966546535492,0.324630498886108,-0.185975909233093,0.638959646224976,-1.4324027299881,0.0787893533706665
0.829701721668243,0.328249633312225,-0.196956381201744,1.44240164756775,-1.8307923078537,1.28527081012726
0.833135485649109,0.346345335245132,-0.196956381201744,1.03797197341919,-1.42451047897339,0.881058990955353
0.840003073215485,0.339107036590576,-0.189636066555977,0.231951236724854,-1.42107594013214,-0.326925605535507
0.840003073215485,0.331868767738342,-0.196956381201744,1.03602349758148,-1.41765654087067,-1.13082206249237
0.826267898082733,0.321011334657669,-0.200616538524628,4.25215625762939,-1.81611680984497,0.88196074962616
0.819400310516357,0.335487902164459,-0.196956381201744,6.65894746780396,-1.8117641210556,1.68499732017517
0.829701721668243,0.335487902164459,-0.196956381201744,6.25611543655396,-1.00369346141815,-0.328650832176208
0.826267898082733,0.324630498886108,-0.200616538524628,4.64478731155396,-1.00129747390747,-1.93696582317352
0.819400310516357,0.321011334657669,-0.207936838269234,3.03345894813538,-0.998911798000336,-1.53175449371338
0.809098958969116,0.317392200231552,-0.215257152915001,2.63062691688538,-0.996536552906036,-2.33379888534546
0.791929960250854,0.306534796953201,-0.222577452659607,3.43629097938538,-1.79792356491089,-1.52577185630798
0.79536372423172,0.317392200231552,-0.222577452659607,6.65894746780396,-2.59742069244385,-1.52341604232788
0.805665135383606,0.317392200231552,-0.215257152915001,9.4787712097168,-2.59128046035767,-5.54317712783813
0.802231311798096,0.313773065805435,-0.211596995592117,9.0759391784668,-2.58516645431519,-7.55733728408813
0.79536372423172,0.310153931379318,-0.215257152915001,4.64478731155396,-2.98096227645874,-6.34884119033813
0.79536372423172,0.310153931379318,-0.215257152915001,-0.189197286963463,-3.37584114074707,-4.33468103408813
0.805665135383606,0.313773065805435,-0.207936838269234,-3.00902152061462,-3.76980900764465,-3.93184900283813
0.815966546535492,0.324630498886108,-0.200616538524628,-2.60618948936462,-4.96665382385254,-4.73751306533813
0.843436896800995,0.331868767738342,-0.182315766811371,2.63062691688538,-4.55316495895386,-9.97432899475098
0.846870720386505,0.317392200231552,-0.174995452165604,7.46461153030396,-4.54255723953247,-13.196985244751
0.836569309234619,0.310153931379318,-0.185975909233093,8.2702751159668,-4.93389415740967,-13.599817276001
0.833135485649109,0.317392200231552,-0.196956381201744,5.04761934280396,-5.32434988021851,-11.182825088501
0.826267898082733,0.328249633312225,-0.200616538524628,0.616466760635376,-5.31203031539917,-8.76583290100098
0.826267898082733,0.335487902164459,-0.20427668094635,-1.39769339561462,-5.2997670173645,-7.55733728408813
0.833135485649109,0.346345335245132,-0.200616538524628,-1.39769339561462,-4.88565540313721,-7.96016931533813
0.822834134101868,0.331868767738342,-0.196956381201744,-2.20335745811462,-4.47252082824707,-7.96016931533813
0.812532722949982,0.331868767738342,-0.196956381201744,-3.00902152061462,-3.25654029846191,-6.75167322158813
0.802231311798096,0.335487902164459,-0.19329622387886,-5.42601346969604,-3.24908971786499,-4.73751306533813
0.79536372423172,0.331868767738342,-0.189636066555977,-6.23167753219604,-2.43784785270691,-2.72335290908813
0.788496136665344,0.324630498886108,-0.185975909233093,-6.23167753219604,-2.43229532241821,-2.32052087783813
0.774760961532593,0.313773065805435,-0.189636066555977,-5.42601346969604,-1.62293457984924,-0.709192633628845
0.774760961532593,0.310153931379318,-0.200616538524628,-4.62034940719604,-1.61925458908081,0.902135491371155
0.774760961532593,0.310153931379318,-0.207936838269234,-4.62034940719604,-2.01751160621643,1.70779955387115
0.771327197551727,0.302915662527084,-0.215257152915001,-5.82884550094604,-2.41487979888916,3.31912755966187
0.781628549098969,0.299296498298645,-0.222577452659607,-7.03734159469604,-3.61521434783936,4.12479162216187
0.791929960250854,0.299296498298645,-0.222577452659607,-9.0515022277832,-4.41094207763672,5.73611974716187
0.802231311798096,0.302915662527084,-0.226237609982491,-11.0656623840332,-4.80297899246216,6.13895177841187
0.812532722949982,0.295677363872528,-0.226237609982491,-11.8713264465332,-5.99802303314209,6.13895177841187
0.819400310516357,0.295677363872528,-0.229897767305374,-13.4826545715332,-7.19042873382568,5.33328771591187
0.829701721668243,0.292058229446411,-0.229897767305374,-15.8996467590332,-8.38021278381348,4.93045568466187
0.833135485649109,0.295677363872528,-0.229897767305374,-17.9138069152832,-9.18587684631348,4.12479162216187
0.836569309234619,0.306534796953201,-0.226237609982491,-19.5251350402832,-9.99154090881348,3.31912755966187
0.840003073215485,0.302915662527084,-0.215257152915001,-22.3449592590332,-9.99154090881348,2.51346349716187
0.843436896800995,0.302915662527084,-0.207936838269234,-23.1506233215332,-10.3943729400635,1.70779955387115
0.843436896800995,0.306534796953201,-0.200616538524628,-24.7619514465332,-10.3943729400635,0.499303460121155
0.833135485649109,0.313773065805435,-0.196956381201744,-25.1647834777832,-10.3943729400635,0.0964714139699936
0.815966546535492,0.321011334657669,-0.19329622387886,-25.9704475402832,-9.99154090881348,0.0964714139699936
0.79536372423172,0.324630498886108,-0.196956381201744,-26.7761116027832,-9.18587684631348,0.902135491371155
0.791929960250854,0.321011334657669,-0.185975909233093,-27.1789436340332,-8.78304481506348,1.70779955387115
0.79536372423172,0.324630498886108,-0.178655609488487,-27.1789436340332,-8.38021278381348,2.91629552841187
0.79879754781723,0.328249633312225,-0.17133529484272,-27.5817756652832,-8.38021278381348,2.51346349716187
0.802231311798096,0.328249633312225,-0.164014995098114,-27.1789436340332,-8.38021278381348,1.7051705121994
0.805665135383606,0.328249633312225,-0.16035483777523,-27.1789436340332,-7.97738075256348,0.899506390094757
0.815966546535492,0.331868767738342,-0.16035483777523,-25.5676155090332,-8.78304481506348,1.3023384809494
0.829701721668243,0.335487902164459,-0.156694680452347,-24.3591194152832,-9.16545581817627,0.0938423275947571
0.840003073215485,0.339107036590576,-0.153034523129463,-23.9562873840332,-9.94900226593018,-1.1146537065506
0.840003073215485,0.324630498886108,-0.156694680452347,-22.3449592590332,-10.3289213180542,-2.32314991950989
0.829701721668243,0.339107036590576,-0.16035483777523,-20.3307991027832,-10.7080507278442,-3.12881398200989
0.822834134101868,0.339107036590576,-0.164014995098114,-17.1081428527832,-10.2824983596802,-3.93447804450989
0.819400310516357,0.335487902164459,-0.17133529484272,-13.0798225402832,-10.6618127822876,-4.74014186859131
0.815966546535492,0.342726200819016,-0.185975909233093,-11.8713264465332,-10.2364416122437,-3.93447804450989
0.829701721668243,0.346345335245132,-0.196956381201744,-11.8713264465332,-9.81204223632812,-3.53164601325989
0.836569309234619,0.353583604097366,-0.211596995592117,-12.2741584777832,-9.79055881500244,-4.33730983734131
0.836569309234619,0.353583604097366,-0.222577452659607,-12.2741584777832,-8.56330585479736,-5.14297389984131
0.815966546535492,0.353583604097366,-0.233557924628258,-12.2741584777832,-7.74071550369263,-4.74014186859131
0.79879754781723,0.353583604097366,-0.248198539018631,-11.8713264465332,-6.51799726486206,-3.93447804450989
0.781628549098969,0.346345335245132,-0.255518853664398,-13.4826545715332,-5.29796552658081,-1.9203177690506
0.785062372684479,0.339107036590576,-0.255518853664398,-16.3024787902832,-4.88452100753784,1.7051705121994
0.791929960250854,0.328249633312225,-0.248198539018631,-19.1223030090332,-4.8739538192749,3.71933054924011
0.79536372423172,0.324630498886108,-0.244538381695747,-21.1364631652832,-5.26539421081543,6.13632297515869
0.802231311798096,0.317392200231552,-0.233557924628258,-22.3449592590332,-5.26539421081543,8.15048313140869
0.805665135383606,0.313773065805435,-0.229897767305374,-23.1506233215332,-6.07105827331543,8.95614719390869
0.819400310516357,0.310153931379318,-0.222577452659607,-23.1506233215332,-6.87672233581543,9.35897922515869
0.815966546535492,0.310153931379318,-0.226237609982491,-23.1506233215332,-7.68238639831543,8.95614719390869
0.815966546535492,0.310153931379318,-0.229897767305374,-22.7477912902832,-8.89088249206543,8.55331516265869
0.826267898082733,0.317392200231552,-0.233557924628258,-23.1506233215332,-10.5022106170654,7.74765110015869
0.833135485649109,0.321011334657669,-0.23721806704998,-23.1506233215332,-11.7107067108154,8.55331516265869
0.850304484367371,0.328249633312225,-0.244538381695747,-23.5534553527832,-12.1135387420654,7.74765110015869
0.867473483085632,0.335487902164459,-0.248198539018631,-24.3591194152832,-12.5163707733154,6.13632297515869
0.864039659500122,0.346345335245132,-0.251858681440353,-25.5676155090332,-13.3220348358154,4.92782688140869
0.857172071933746,0.353583604097366,-0.251858681440353,-26.7761116027832,-12.9192028045654,4.12216281890869
0.850304484367371,0.353583604097366,-0.248198539018631,-27.5817756652832,-12.5163707733154,4.12216281890869
0.833135485649109,0.353583604097366,-0.244538381695747,-28.7902717590332,-11.3078746795654,4.12216281890869
0.822834134101868,0.357202738523483,-0.244538381695747,-29.5959358215332,-10.5022106170654,4.52499485015869
0.822834134101868,0.368060171604156,-0.244538381695747,-29.1931037902832,-10.5022106170654,5.73349094390869
0.822834134101868,0.378917574882507,-0.251858681440353,-29.9987678527832,-10.0993785858154,6.53915500640869
0.836569309234619,0.389775007963181,-0.251858681440353,-31.2072639465332,-10.9050426483154,7.74765110015869
0.846870720386505,0.397013276815414,-0.251858681440353,-33.6242561340332,-11.7107067108154,7.73574113845825
0.857172071933746,0.397013276815414,-0.244538381695747,-34.4299201965332,-12.5163707733154,6.51722621917725
0.860605895519257,0.389775007963181,-0.226237609982491,-33.6242561340332,-13.3220348358154,5.70280838012695
0.857172071933746,0.389775007963181,-0.222577452659607,-32.8185920715332,-13.7248668670654,6.09629583358765
0.853738307952881,0.389775007963181,-0.222577452659607,-32.0129280090332,-14.097264289856,6.89141273498535
0.846870720386505,0.386155873537064,-0.229897767305374,-32.0129280090332,-14.8708906173706,7.28311395645142
0.843436896800995,0.389775007963181,-0.23721806704998,-32.8185920715332,-15.2409572601318,8.07645320892334
0.836569309234619,0.389775007963181,-0.23721806704998,-33.6242561340332,-15.6103000640869,8.06416416168213
0.836569309234619,0.397013276815414,-0.233557924628258,-34.4299201965332,-15.5769519805908,8.05191230773926
0.826267898082733,0.400632441043854,-0.233557924628258,-35.2355842590332,-15.5437450408936,9.24635982513428
0.826267898082733,0.407870709896088,-0.229897767305374,-34.4299201965332,-16.3146266937256,9.6345739364624
0.826267898082733,0.407870709896088,-0.226237609982491,-34.0270881652832,-16.3146266937256,10.4244451522827
0.833135485649109,0.407870709896088,-0.222577452659607,-33.2214241027832,-16.3146266937256,10.4244451522827
0.840003073215485,0.411489844322205,-0.218917295336723,-32.8185920715332,-15.9117956161499,10.0216131210327
0.846870720386505,0.418728142976761,-0.218917295336723,-31.9640331268311,-15.1061315536499,10.4086990356445
0.857172071933746,0.425966411828995,-0.218917295336723,-30.7086296081543,-15.1061315536499,11.1974477767944
0.870907247066498,0.429585546255112,-0.222577452659607,-30.2596454620361,-13.8976354598999,11.9850330352783
0.884642481803894,0.433204680681229,-0.218917295336723,-31.0180683135986,-13.8681316375732,13.5963611602783
0.88807624578476,0.433204680681229,-0.211596995592117,-31.3731880187988,-12.6328153610229,14.4020252227783
0.89151006937027,0.436823815107346,-0.20427668094635,-32.1300621032715,-11.8021459579468,14.8048572540283
0.884642481803894,0.444062113761902,-0.196956381201744,-32.4836349487305,-10.9732818603516,16.0133533477783
0.877774834632874,0.444062113761902,-0.189636066555977,-33.2389678955078,-9.74422550201416,17.2218494415283
0.864039659500122,0.447681248188019,-0.185975909233093,-33.993236541748,-9.74422550201416,19.2360095977783
0.843436896800995,0.444062113761902,-0.189636066555977,-34.7464408874512,-10.1470575332642,22.8614978790283
0.829701721668243,0.444062113761902,-0.200616538524628,-34.2919082641602,-10.5498895645142,29.7096424102783
0.826267898082733,0.447681248188019,-0.20427668094635,-34.6425857543945,-11.7583856582642,37.3634490966797
0.840003073215485,0.476634383201599,-0.200616538524628,-35.3950424194336,-12.1612176895142,38.9747772216797
0.867473483085632,0.509206652641296,-0.189636066555977,-34.9397583007812,-12.5640497207642,32.9322967529297
0.88807624578476,0.530921459197998,-0.182315766811371,-29.2562561035156,-10.5498895645142,18.4303455352783
0.874341070652008,0.509206652641296,-0.19329622387886,-21.6024475097656,-9.34139347076416,7.15104818344116
0.826267898082733,0.476634383201599,-0.211596995592117,-17.5741271972656,-8.53572940826416,6.34538412094116
0.788496136665344,0.47301521897316,-0.229897767305374,-19.9911193847656,-8.13289737701416,11.5822010040283
0.788496136665344,0.483872652053833,-0.226237609982491,-24.8251037597656,-6.52156972885132,13.5963611602783
0.815966546535492,0.491110920906067,-0.222577452659607,-25.6307678222656,-4.50740957260132,9.97087287902832
0.846870720386505,0.48749178647995,-0.215257152915001,-21.1996154785156,-3.29891347885132,4.33122396469116
0.877774834632874,0.48749178647995,-0.222577452659607,-17.5741271972656,-2.49324941635132,1.51139998435974
0.898377656936646,0.491110920906067,-0.233557924628258,-16.7684631347656,-2.09041738510132,0.302903831005096
0.912112832069397,0.491110920906067,-0.240878224372864,-18.3797912597656,-0.881921231746674,0.705735862255096
0.925848007202148,0.498349219560623,-0.244538381695747,-20.3939514160156,-0.076257161796093,0.705735862255096
0.9395831823349,0.498349219560623,-0.23721806704998,-21.6024475097656,1.53507101535797,-0.0999281853437424
0.9395831823349,0.494730055332184,-0.229897767305374,-21.1996154785156,3.14639902114868,-2.11408829689026
0.929281830787659,0.476634383201599,-0.226237609982491,-19.9911193847656,3.95206308364868,-3.72541642189026
0.89151006937027,0.454919517040253,-0.226237609982491,-19.5882873535156,4.75772714614868,-4.12824869155884
0.853738307952881,0.440442979335785,-0.215257152915001,-19.5882873535156,4.75772714614868,-2.11408829689026
0.826267898082733,0.429585546255112,-0.20427668094635,-19.9911193847656,4.75772714614868,1.51139998435974
0.809098958969116,0.433204680681229,-0.200616538524628,-20.3939514160156,5.56339120864868,5.94255208969116
0.809098958969116,0.444062113761902,-0.189636066555977,-20.7967834472656,4.75772714614868,9.97087287902832
0.819400310516357,0.440442979335785,-0.17133529484272,-19.9911193847656,4.35489511489868,10.7765369415283
0.836569309234619,0.433204680681229,-0.164014995098114,-17.9769592285156,4.35489511489868,10.7765369415283
0.846870720386505,0.418728142976761,-0.174995452165604,-13.9486389160156,3.95206308364868,11.5822010040283
0.860605895519257,0.411489844322205,-0.19329622387886,-10.3231506347656,3.54923105239868,12.3878650665283
0.89151006937027,0.404251575469971,-0.20427668094635,-9.92031860351562,3.14639902114868,13.1935291290283
0.915546596050262,0.407870709896088,-0.215257152915001,-12.3373107910156,3.54923105239868,11.5822010040283
0.94301700592041,0.411489844322205,-0.222577452659607,-13.5458068847656,3.54923105239868,8.35954475402832
0.99109011888504,0.393394142389297,-0.251858681440353,-11.1288146972656,3.14639902114868,7.95671224594116
1.06319987773895,0.346345335245132,-0.295780539512634,-7.10049438476562,-1.28475320339203,11.9850330352783
1.15247857570648,0.324630498886108,-0.347022712230682,-4.68350219726562,-7.32723379135132,14.4020252227783
1.16964757442474,0.36444103717804,-0.387284398078918,-10.3231506347656,-12.1612176895142,7.55388021469116
1.09067022800446,0.382536739110947,-0.394604712724686,-19.9911193847656,-12.1612176895142,-5.33674478530884
0.9395831823349,0.382536739110947,-0.358003169298172,-28.0477600097656,-9.74422550201416,-12.9905529022217
0.812532722949982,0.397013276815414,-0.299440711736679,-33.2845764160156,-4.91024160385132,-14.1990489959717
0.733555436134338,0.407870709896088,-0.233557924628258,-33.6874084472656,-1.28475320339203,-12.9905529022217
0.733555436134338,0.404251575469971,-0.185975909233093,-32.0760803222656,0.729406893253326,-10.5735607147217
0.74385678768158,0.393394142389297,-0.14937436580658,-26.8392639160156,0.729406893253326,-10.1707286834717
0.740423023700714,0.386155873537064,-0.134733751416206,-19.9911193847656,1.53507101535797,-9.36506462097168
0.736989200115204,0.368060171604156,-0.13839390873909,-13.5458068847656,-0.076257161796093,-4.93391275405884
0.761025786399841,0.349964469671249,-0.156694680452347,-7.10049438476562,-1.68758523464203,1.10856795310974
0.826267898082733,0.342726200819016,-0.178655609488487,-4.68350219726562,-2.09041738510132,5.94255208969116
0.901811420917511,0.349964469671249,-0.19329622387886,-7.50332641601562,-1.68758523464203,5.53972005844116
0.953318357467651,0.353583604097366,-0.19329622387886,-11.1288146972656,-1.28475320339203,2.71989607810974
0.977354943752289,0.36444103717804,-0.185975909233093,-11.5316467285156,-0.881921231746674,-0.502760231494904
0.980788767337799,0.368060171604156,-0.185975909233093,-10.7259826660156,-0.076257161796093,-4.53108072280884
0.956752181053162,0.36444103717804,-0.185975909233093,-9.92031860351562,0.729406893253326,-6.54524087905884
0.912112832069397,0.36444103717804,-0.185975909233093,-9.51748657226562,1.13223898410797,-6.94807291030884
0.874341070652008,0.353583604097366,-0.185975909233093,-8.71182250976562,1.93790304660797,-4.53108072280884
0.853738307952881,0.349964469671249,-0.189636066555977,-7.90615844726562,3.14639902114868,-1.30842423439026
0.846870720386505,0.360821902751923,-0.189636066555977,-7.50332641601562,2.74356698989868,1.51139998435974
0.860605895519257,0.371679306030273,-0.182315766811371,-8.30899047851562,2.74356698989868,1.51139998435974
0.870907247066498,0.378917574882507,-0.178655609488487,-8.30899047851562,2.74356698989868,0.705735862255096
0.884642481803894,0.389775007963181,-0.185975909233093,-7.90615844726562,3.14639902114868,1.51139998435974
0.884642481803894,0.386155873537064,-0.185975909233093,-7.10049438476562,3.13978791236877,1.51139998435974
0.88807624578476,0.378917574882507,-0.189636066555977,-5.48916625976562,2.73121690750122,3.12272810935974
0.89151006937027,0.382536739110947,-0.178655609488487,-4.28067016601562,3.52947998046875,5.53972005844116
0.901811420917511,0.389775007963181,-0.164014995098114,-4.68350219726562,3.93231201171875,5.53972005844116
0.915546596050262,0.389775007963181,-0.145714223384857,-3.8778383731842,4.33514404296875,3.92839217185974
0.915546596050262,0.389775007963181,-0.131073594093323,-3.0721743106842,4.73797607421875,2.31706404685974
0.912112832069397,0.386155873537064,-0.1274134516716,-1.46084606647491,5.54364013671875,1.10856795310974
0.89151006937027,0.37529844045639,-0.13839390873909,1.76181018352509,5.14080810546875,0.302903831005096
0.870907247066498,0.382536739110947,-0.153034523129463,5.38729858398438,5.53206348419189,0.705735862255096
0.884642481803894,0.382536739110947,-0.167675137519836,8.20712280273438,6.32451915740967,2.31706404685974
0.912112832069397,0.386155873537064,-0.174995452165604,7.40145874023438,7.11535406112671,0.705735862255096
0.912112832069397,0.382536739110947,-0.174995452165604,4.98446655273438,7.10058546066284,-2.11408829689026
0.905245244503021,0.378917574882507,-0.185975909233093,4.17880249023438,7.08587741851807,-0.905592262744904
0.912112832069397,0.37529844045639,-0.19329622387886,3.3731381893158,7.87522792816162,-0.502760231494904
0.918980419635773,0.378917574882507,-0.19329622387886,2.5674741268158,6.65297842025757,-2.91975235939026
0.912112832069397,0.368060171604156,-0.182315766811371,0.150482043623924,5.83527517318726,-3.72541642189026
0.901811420917511,0.36444103717804,-0.167675137519836,-0.655182003974915,5.82328510284424,-0.905592262744904
0.905245244503021,0.357202738523483,-0.16035483777523,-0.655182003974915,5.00733184814453,0.302903831005096
0.915546596050262,0.360821902751923,-0.14937436580658,-0.655182003974915,4.1930685043335,-0.0999281853437424
0.932715594768524,0.349964469671249,-0.134733751416206,-0.252349972724915,3.38048601150513,-0.502760231494904
0.94301700592041,0.357202738523483,-0.120093137025833,0.150482043623924,1.76555156707764,-1.71125626564026
0.946450769901276,0.36444103717804,-0.109112672507763,0.956146121025085,1.35994732379913,-4.12824869155884
0.932715594768524,0.357202738523483,-0.101792365312576,3.7759702205658,1.35718619823456,-7.75373697280884
0.932715594768524,0.368060171604156,-0.0981322079896927,5.38729858398438,0.954354107379913,-9.76789665222168
0.922414243221283,0.37529844045639,-0.101792365312576,7.40145874023438,0.551522076129913,-12.5877208709717
0.915546596050262,0.389775007963181,-0.10545252263546,10.2212829589844,0.551522076129913,-14.6018810272217
0.905245244503021,0.400632441043854,-0.120093137025833,12.2354431152344,0.954354107379913,-15.4075450897217
0.898377656936646,0.411489844322205,-0.13839390873909,13.0411071777344,2.56568217277527,-15.8103771209717
0.89151006937027,0.425966411828995,-0.164014995098114,13.4439392089844,3.37134623527527,-14.6018810272217
0.89151006937027,0.433204680681229,-0.178655609488487,11.0269470214844,4.57984256744385,-12.9905529022217
0.884642481803894,0.433204680681229,-0.185975909233093,9.01278686523438,6.19117069244385,-8.96223258972168
0.88807624578476,0.422347277402878,-0.178655609488487,7.40145874023438,7.80249881744385,-4.93391275405884
0.894943833351135,0.415108978748322,-0.17133529484272,6.59579467773438,8.60816287994385,-1.30842423439026
0.901811420917511,0.404251575469971,-0.167675137519836,5.79013061523438,9.41382694244385,1.10856795310974
0.905245244503021,0.397013276815414,-0.17133529484272,4.58163452148438,9.81665897369385,2.71989607810974
0.901811420917511,0.389775007963181,-0.17133529484272,2.5674741268158,9.41382694244385,4.33122396469116
0.894943833351135,0.389775007963181,-0.17133529484272,-0.655182003974915,8.20533084869385,5.53972005844116
0.901811420917511,0.386155873537064,-0.17133529484272,-1.46084606647491,6.99683475494385,7.55388021469116
0.915546596050262,0.389775007963181,-0.17133529484272,-2.6693422794342,6.99683475494385,7.15104818344116
0.925848007202148,0.386155873537064,-0.17133529484272,-3.8778383731842,5.38550662994385,6.34538412094116
0.912112832069397,0.386155873537064,-0.167675137519836,-5.89199829101562,4.98267459869385,5.94255208969116
0.908679008483887,0.382536739110947,-0.16035483777523,-7.50332641601562,4.98267459869385,6.34538412094116
0.905245244503021,0.378917574882507,-0.14937436580658,-9.51748657226562,5.38550662994385,6.74821615219116
0.905245244503021,0.37529844045639,-0.134733751416206,-11.5316467285156,5.78833866119385,7.15104818344116
0.908679008483887,0.371679306030273,-0.120093137025833,-11.5316467285156,6.59400272369385,7.55388021469116
0.905245244503021,0.371679306030273,-0.101792365312576,-10.3231506347656,6.59400272369385,7.15104818344116
0.908679008483887,0.371679306030273,-0.0944720581173897,-9.51748657226562,7.78668832778931,7.15104818344116
0.918980419635773,0.371679306030273,-0.0834915935993195,-8.30899047851562,7.36892366409302,7.15104818344116
0.922414243221283,0.368060171604156,-0.0798314362764359,-7.50332641601562,6.9520320892334,7.15104818344116
0.925848007202148,0.36444103717804,-0.0798314362764359,-5.48916625976562,6.13398694992065,7.15104818344116
0.932715594768524,0.360821902751923,-0.0798314362764359,-3.4750063419342,5.31761074066162,6.34538412094116
0.94301700592041,0.357202738523483,-0.0834915935993195,-1.46084606647491,4.50289344787598,5.94255208969116
0.956752181053162,0.353583604097366,-0.0981322079896927,0.150482043623924,3.28780007362366,4.72693634033203
0.963619768619537,0.353583604097366,-0.109112672507763,0.150482043623924,2.87920188903809,3.51315593719482
0.960186004638672,0.357202738523483,-0.11643297970295,1.76181018352509,1.26534461975098,1.09451973438263
0.949884593486786,0.360821902751923,-0.1274134516716,2.1646420955658,1.66485548019409,-0.516808390617371
0.929281830787659,0.368060171604156,-0.131073594093323,1.76181018352509,1.26202344894409,-1.32247245311737
0.922414243221283,0.37529844045639,-0.134733751416206,0.956146121025085,1.26202344894409,-1.72530448436737
0.908679008483887,0.378917574882507,-0.134733751416206,0.956146121025085,1.26202344894409,-2.12813639640808
0.908679008483887,0.382536739110947,-0.134733751416206,0.956146121025085,1.66485548019409,-2.53096842765808
0.908679008483887,0.386155873537064,-0.1274134516716,0.956146121025085,1.66485548019409,-2.12813639640808
0.905245244503021,0.386155873537064,-0.1274134516716,1.76181018352509,2.06768751144409,-2.12813639640808
0.905245244503021,0.386155873537064,-0.131073594093323,2.1646420955658,2.47051954269409,-2.53096842765808
0.898377656936646,0.382536739110947,-0.142054066061974,3.7759702205658,2.87335157394409,-2.12813639640808
0.901811420917511,0.378917574882507,-0.14937436580658,3.7759702205658,3.27618360519409,-1.32247245311737
0.901811420917511,0.37529844045639,-0.156694680452347,3.3731381893158,2.87335157394409,-0.919640421867371
0.905245244503021,0.371679306030273,-0.164014995098114,2.9703061580658,2.46561050415039,0.288855701684952
0.905245244503021,0.371679306030273,-0.164014995098114,3.3731381893158,2.86275386810303,0.691687703132629
0.912112832069397,0.37529844045639,-0.17133529484272,3.7759702205658,3.259122133255,1.49735176563263
0.918980419635773,0.37529844045639,-0.182315766811371,4.17255687713623,3.25268340110779,1.90018379688263
0.915546596050262,0.37529844045639,-0.19329622387886,5.37302160263062,3.64830422401428,1.90018379688263
0.912112832069397,0.378917574882507,-0.196956381201744,4.96278238296509,4.44519519805908,1.49735176563263
0.905245244503021,0.371679306030273,-0.196956381201744,3.3464663028717,4.03441190719604,2.29956698417664
0.901811420917511,0.368060171604156,-0.189636066555977,1.73255956172943,3.62445068359375,3.50281715393066
0.908679008483887,0.368060171604156,-0.182315766811371,0.925519943237305,2.81326103210449,4.71131324768066
0.915546596050262,0.360821902751923,-0.164014995098114,0.521913349628448,2.00366711616516,5.91980934143066
0.925848007202148,0.360821902751923,-0.16035483777523,-0.283330798149109,0.391572415828705,5.11414527893066
0.922414243221283,0.360821902751923,-0.14937436580658,0.52156138420105,-0.01123764552176,4.30848121643066
0.925848007202148,0.360821902751923,-0.14937436580658,0.92302930355072,-1.21735978126526,3.50281715393066
0.922414243221283,0.357202738523483,-0.142054066061974,0.921669185161591,-1.21499478816986,2.29432106018066
0.922414243221283,0.353583604097366,-0.142054066061974,1.32255220413208,-2.0167407989502,2.29432106018066
0.918980419635773,0.353583604097366,-0.142054066061974,1.32060873508453,-2.0167407989502,1.48865687847137
0.918980419635773,0.353583604097366,-0.145714223384857,0.916429936885834,-2.0167407989502,1.48865687847137
0.915546596050262,0.353583604097366,-0.145714223384857,1.31732881069183,-2.4195728302002,1.88866436481476
0.918980419635773,0.353583604097366,-0.142054066061974,1.71764373779297,-2.0167407989502,1.88584816455841
0.925848007202148,0.36444103717804,-0.142054066061974,0.910646975040436,-2.4195728302002,1.0785756111145
0.929281830787659,0.36444103717804,-0.13839390873909,1.71380650997162,-1.61390888690948,1.07697188854218
0.925848007202148,0.36444103717804,-0.13839390873909,1.71130919456482,-1.21107685565948,0.270904988050461
0.922414243221283,0.37529844045639,-0.142054066061974,2.11106467247009,-1.21107685565948,0.270503312349319
0.922414243221283,0.371679306030273,-0.145714223384857,2.9124903678894,-1.61390888690948,-0.132132798433304
0.918980419635773,0.378917574882507,-0.153034523129463,3.31051135063171,-1.21107685565948,0.270298987627029
0.918980419635773,0.382536739110947,-0.156694680452347,3.70796203613281,-0.80824476480484,0.672137200832367
0.922414243221283,0.386155873537064,-0.16035483777523,3.30034685134888,-0.00257573649287224,1.07338428497314
0.922414243221283,0.393394142389297,-0.16035483777523,3.29557728767395,-0.40462464094162,0.66956502199173
0.925848007202148,0.389775007963181,-0.16035483777523,2.88857054710388,-0.403844505548477,0.668580651283264
0.918980419635773,0.393394142389297,-0.164014995098114,3.28665900230408,-0.00101052434183657,0.667599022388458
0.912112832069397,0.389775007963181,-0.164014995098114,3.68418097496033,-0.00100858137011528,0.666620254516602
0.915546596050262,0.393394142389297,-0.164014995098114,3.27663278579712,-0.00100664503406733,1.06788563728333
0.905245244503021,0.393394142389297,-0.16035483777523,3.27192997932434,0.401054978370667,0.664080023765564
0.905245244503021,0.389775007963181,-0.156694680452347,3.66949462890625,0.802347898483276,1.06535148620605
0.908679008483887,0.389775007963181,-0.156694680452347,4.06649780273438,0.398752361536026,1.46603775024414
0.908679008483887,0.386155873537064,-0.153034523129463,4.06068468093872,0.397991746664047,1.46389675140381
0.912112832069397,0.382536739110947,-0.153034523129463,4.05488443374634,0.79929906129837,1.86400473117828
0.908679008483887,0.37529844045639,-0.14937436580658,4.04909658432007,0.797779321670532,1.86128675937653
0.912112832069397,0.37529844045639,-0.14937436580658,3.64106392860413,0.79626452922821,1.85857474803925
0.915546596050262,0.371679306030273,-0.14937436580658,3.63587427139282,0.392686516046524,2.25811457633972
0.918980419635773,0.368060171604156,-0.145714223384857,4.4352126121521,0.391942948102951,2.25482940673828
0.925848007202148,0.360821902751923,-0.145714223384857,4.42890024185181,0.391201823949814,2.25155162811279
0.929281830787659,0.36444103717804,-0.153034523129463,5.22711944580078,0.390463083982468,2.24828124046326
0.936149418354034,0.360821902751923,-0.153034523129463,5.62195062637329,0.389726728200912,1.4405232667923
0.936149418354034,0.360821902751923,-0.156694680452347,5.61396646499634,0.388989269733429,1.03618621826172
0.929281830787659,0.357202738523483,-0.164014995098114,6.41052007675171,0.790317952632904,1.43693280220032
0.929281830787659,0.360821902751923,-0.164014995098114,5.59691286087036,0.788812398910522,1.03260326385498
0.929281830787659,0.360821902751923,-0.164014995098114,6.39351511001587,1.18936681747437,1.03110909461975
0.925848007202148,0.36444103717804,-0.164014995098114,6.78674077987671,1.18708610534668,1.02961814403534
0.925848007202148,0.36444103717804,-0.164014995098114,7.58168792724609,2.39099478721619,0.625880539417267
0.922414243221283,0.368060171604156,-0.167675137519836,7.97326469421387,1.58229899406433,0.624976873397827
0.918980419635773,0.368060171604156,-0.167675137519836,7.15751028060913,2.78546571731567,0.62407523393631
0.918980419635773,0.368060171604156,-0.17133529484272,6.74518203735352,2.37808990478516,0.220924288034439
0.918980419635773,0.36444103717804,-0.167675137519836,6.7357120513916,2.77562618255615,0.622857809066772
0.922414243221283,0.368060171604156,-0.17133529484272,6.32400035858154,2.77034759521484,1.02421343326569
0.922414243221283,0.36444103717804,-0.17133529484272,6.31514501571655,2.76508641242981,0.620487570762634
0.925848007202148,0.368060171604156,-0.17133529484272,6.30631399154663,1.55363821983337,1.02184879779816
0.922414243221283,0.36444103717804,-0.17133529484272,5.49296760559082,1.95276474952698,1.0203812122345
0.922414243221283,0.36444103717804,-0.17133529484272,5.48530673980713,1.54700124263763,0.616662859916687
0.918980419635773,0.360821902751923,-0.167675137519836,5.07539081573486,1.14200818538666,1.01803278923035
0.918980419635773,0.360821902751923,-0.167675137519836,5.0683217048645,1.13985407352448,0.614319205284119
0.918980419635773,0.357202738523483,-0.17133529484272,5.86580991744995,1.13770699501038,0.613433957099915
0.922414243221283,0.360821902751923,-0.17133529484272,5.45537900924683,1.53764116764069,0.612545192241669
0.925848007202148,0.360821902751923,-0.167675137519836,5.04552412033081,1.13267731666565,0.209407672286034
0.922414243221283,0.360821902751923,-0.167675137519836,5.44078779220581,1.13055229187012,0.209100976586342
0.915546596050262,0.360821902751923,-0.167675137519836,5.43323516845703,1.53051149845123,0.611031949520111
0.918980419635773,0.360821902751923,-0.167675137519836,5.02342462539673,1.52764785289764,0.207891762256622
0.922414243221283,0.360821902751923,-0.167675137519836,5.01646089553833,1.52479350566864,0.609815001487732
0.925848007202148,0.36444103717804,-0.167675137519836,4.60723733901978,1.52194809913635,0.608902871608734
0.929281830787659,0.360821902751923,-0.167675137519836,5.40540742874146,1.92119324207306,0.205761015415192
0.929281830787659,0.360821902751923,-0.167675137519836,4.59337949752808,2.31970000267029,-0.196773186326027
0.925848007202148,0.36444103717804,-0.167675137519836,4.98930358886719,2.31538867950439,-0.196474313735962
0.925848007202148,0.36444103717804,-0.167675137519836,4.98240947723389,1.90900647640228,-0.196174383163452
0.925848007202148,0.357202738523483,-0.167675137519836,4.57325410842896,1.90546774864197,0.206340596079826
0.922414243221283,0.360821902751923,-0.17133529484272,4.96917486190796,1.90192306041718,0.206022456288338
0.922414243221283,0.360821902751923,-0.17133529484272,5.36450290679932,2.300452709198,-0.196504637598991
0.922414243221283,0.360821902751923,-0.17133529484272,5.35696601867676,2.29614329338074,0.20600613951683
0.922414243221283,0.360821902751923,-0.17133529484272,5.75165987014771,2.29182720184326,0.607885599136353
0.922414243221283,0.360821902751923,-0.17133529484272,4.93896770477295,2.68960094451904,0.204731225967407
0.922414243221283,0.357202738523483,-0.174995452165604,4.93191051483154,2.6845588684082,0.606603562831879
0.922414243221283,0.360821902751923,-0.174995452165604,4.52257108688354,2.27745509147644,0.605640828609467
0.922414243221283,0.357202738523483,-0.174995452165604,4.51603746414185,1.87110126018524,0.604675114154816
0.922414243221283,0.353583604097366,-0.178655609488487,4.50947713851929,2.26964688301086,0.201519772410393
0.922414243221283,0.357202738523483,-0.174995452165604,4.10064744949341,2.66742396354675,1.00556290149689
0.922414243221283,0.353583604097366,-0.178655609488487,4.49686717987061,2.66236162185669,0.601756453514099
0.925848007202148,0.353583604097366,-0.178655609488487,4.08799171447754,2.25522685050964,0.600779116153717
0.922414243221283,0.353583604097366,-0.178655609488487,3.67969131469727,2.25091814994812,0.197624161839485
0.925848007202148,0.353583604097366,-0.178655609488487,3.67423534393311,1.84454345703125,0.599472224712372
0.925848007202148,0.353583604097366,-0.178655609488487,3.26655673980713,1.8409960269928,0.598485469818115
0.922414243221283,0.353583604097366,-0.178655609488487,2.85948538780212,1.43538916110992,0.195329964160919
0.922414243221283,0.357202738523483,-0.182315766811371,3.25749206542969,1.83466291427612,0.597168743610382
0.925848007202148,0.357202738523483,-0.182315766811371,2.85044097900391,1.83110010623932,0.194012612104416
0.925848007202148,0.353583604097366,-0.182315766811371,2.44399428367615,1.8275328874588,0.1936876475811
0.922414243221283,0.353583604097366,-0.178655609488487,2.03815221786499,1.82396137714386,-0.208792582154274
0.915546596050262,0.349964469671249,-0.178655609488487,2.03515076637268,1.82038557529449,-0.208439886569977
0.901811420917511,0.346345335245132,-0.178655609488487,2.03215789794922,1.81680572032928,-0.610234975814819
0.89151006937027,0.339107036590576,-0.174995452165604,1.22469282150269,2.21525907516479,-0.207049652934074
0.874341070652008,0.331868767738342,-0.17133529484272,0.820655584335327,2.6129105091095,-0.20669549703598
0.857172071933746,0.324630498886108,-0.17133529484272,0.417211711406708,2.60772442817688,0.597939789295197
0.843436896800995,0.321011334657669,-0.167675137519836,0.0143586583435535,2.60253286361694,1.40118324756622
0.840003073215485,0.321011334657669,-0.17133529484272,-0.387906074523926,2.19530844688416,2.60518383979797
0.850304484367371,0.324630498886108,-0.174995452165604,-0.387340396642685,1.38686120510101,3.80712151527405
0.874341070652008,0.331868767738342,-0.182315766811371,-0.789021730422974,-0.2240179926157,5.00700616836548
0.905245244503021,0.339107036590576,-0.189636066555977,-1.19012057781219,-0.625598311424255,4.59628248214722
0.936149418354034,0.349964469671249,-0.19329622387886,-1.99288630485535,-1.83043920993805,3.78413200378418
0.963619768619537,0.360821902751923,-0.196956381201744,-3.1967396736145,-2.63085985183716,2.16909170150757
0.984222531318665,0.371679306030273,-0.196956381201744,-3.5995717048645,-2.62563705444336,0.958957314491272
1.00139153003693,0.382536739110947,-0.19329622387886,-4.4052357673645,-2.21840071678162,-0.651259958744049
1.00825917720795,0.386155873537064,-0.185975909233093,-4.8080677986145,-1.40994298458099,-2.25874161720276
1.00825917720795,0.389775007963181,-0.178655609488487,-3.5995717048645,-0.201049238443375,-3.46723771095276
0.99109011888504,0.378917574882507,-0.17133529484272,-2.7939076423645,1.40750062465668,-4.27290201187134
0.960186004638672,0.378917574882507,-0.164014995098114,-1.5854115486145,2.61085319519043,-4.27290201187134
0.932715594768524,0.368060171604156,-0.156694680452347,-0.376915395259857,4.22218132019043,-3.87006974220276
0.912112832069397,0.360821902751923,-0.156694680452347,0.428748667240143,5.02784538269043,-2.66157364845276
0.89151006937027,0.349964469671249,-0.156694680452347,1.2344126701355,5.02784538269043,-1.85590970516205
0.877774834632874,0.342726200819016,-0.156694680452347,1.63487362861633,4.62501335144043,-0.244581580162048
0.867473483085632,0.335487902164459,-0.16035483777523,1.63487362861633,4.62501335144043,0.963914513587952
0.864039659500122,0.328249633312225,-0.17133529484272,1.23204159736633,3.41651725769043,1.76957857608795
0.864039659500122,0.324630498886108,-0.178655609488487,0.426377564668655,2.61085319519043,2.17241072654724
0.864039659500122,0.324630498886108,-0.189636066555977,-0.379286497831345,0.99952507019043,2.97807478904724
0.874341070652008,0.328249633312225,-0.200616538524628,-1.99061465263367,-1.41746711730957,4.58940267562866
0.905245244503021,0.339107036590576,-0.207936838269234,-3.19911074638367,-3.02879524230957,4.58940267562866
0.929281830787659,0.346345335245132,-0.20427668094635,-5.61610269546509,-3.83445930480957,4.18657064437866
0.949884593486786,0.360821902751923,-0.20427668094635,-7.63026285171509,-4.64012336730957,2.97807478904724
0.967053592205048,0.37529844045639,-0.196956381201744,-8.43592739105225,-5.04295539855957,1.36674654483795
0.984222531318665,0.382536739110947,-0.185975909233093,-8.43592739105225,-3.83445930480957,-0.647413611412048
0.99109011888504,0.386155873537064,-0.174995452165604,-8.03309535980225,-2.62596321105957,-2.25874161720276
0.987656354904175,0.386155873537064,-0.164014995098114,-7.63026285171509,-1.41746711730957,-3.46723771095276
0.973921179771423,0.386155873537064,-0.156694680452347,-6.01893472671509,0.19386100769043,-4.27290201187134
0.949884593486786,0.382536739110947,-0.14937436580658,-4.81043863296509,1.40235710144043,-4.27290201187134
0.929281830787659,0.371679306030273,-0.14937436580658,-2.79627871513367,2.61085319519043,-3.46723771095276
0.915546596050262,0.360821902751923,-0.14937436580658,-1.58778262138367,3.41651725769043,-2.25874161720276
0.901811420917511,0.353583604097366,-0.142054066061974,-1.18495059013367,3.81934928894043,-1.45307767391205
0.89151006937027,0.346345335245132,-0.14937436580658,-0.379286497831345,3.01368522644043,-0.647413611412048
0.881208658218384,0.335487902164459,-0.156694680452347,-0.379286497831345,2.61085319519043,0.158250451087952
0.881208658218384,0.328249633312225,-0.164014995098114,-0.379286497831345,1.80518913269043,1.76957857608795
0.874341070652008,0.328249633312225,-0.174995452165604,-0.782118558883667,0.59669303894043,1.36674654483795
0.877774834632874,0.324630498886108,-0.182315766811371,-1.18495059013367,-0.61180305480957,2.57524275779724
0.88807624578476,0.335487902164459,-0.185975909233093,-1.99061465263367,-1.41746711730957,3.38090682029724
0.908679008483887,0.339107036590576,-0.196956381201744,-3.19911074638367,-2.62596321105957,3.38090682029724
0.925848007202148,0.346345335245132,-0.196956381201744,-4.00477457046509,-3.43162727355957,2.17241072654724
0.9395831823349,0.353583604097366,-0.196956381201744,-5.21327066421509,-3.83445930480957,1.76957857608795
0.949884593486786,0.36444103717804,-0.19329622387886,-6.01893472671509,-3.02879524230957,0.963914513587952
0.956752181053162,0.368060171604156,-0.185975909233093,-6.01893472671509,-3.02879524230957,-0.244581580162048
0.963619768619537,0.378917574882507,-0.178655609488487,-6.01893472671509,-1.82029914855957,-1.05024564266205
0.967053592205048,0.378917574882507,-0.17133529484272,-5.61610269546509,-1.41746711730957,-1.85590970516205
0.956752181053162,0.37529844045639,-0.16035483777523,-4.81043863296509,0.59669303894043,-2.66157364845276
0.946450769901276,0.382536739110947,-0.153034523129463,-3.60194277763367,1.80518913269043,-2.66157364845276
0.929281830787659,0.368060171604156,-0.14937436580658,-2.39344668388367,2.20802116394043,-1.85590970516205
0.918980419635773,0.36444103717804,-0.145714223384857,-1.58778262138367,2.61085319519043,-1.05024564266205
0.912112832069397,0.357202738523483,-0.145714223384857,-0.379286497831345,2.61085319519043,-0.646314799785614
0.905245244503021,0.353583604097366,-0.153034523129463,-0.379286497831345,2.20802116394043,-0.243070229887962
0.901811420917511,0.346345335245132,-0.153034523129463,0.0235455278307199,1.80518913269043,-0.242659047245979
0.898377656936646,0.346345335245132,-0.156694680452347,0.0235455278307199,1.40235710144043,0.964205861091614
0.898377656936646,0.339107036590576,-0.153034523129463,-0.379286497831345,0.19386100769043,0.96258008480072
0.898377656936646,0.339107036590576,-0.164014995098114,-0.379286497831345,-0.20897102355957,0.960959672927856
0.905245244503021,0.339107036590576,-0.167675137519836,-0.379286497831345,-0.61180305480957,1.36149954795837
0.918980419635773,0.349964469671249,-0.17133529484272,-0.379286497831345,-1.41746711730957,1.35921502113342
0.929281830787659,0.357202738523483,-0.174995452165604,-1.18495059013367,-2.22313117980957,0.552623689174652
0.936149418354034,0.360821902751923,-0.174995452165604,-1.99061465263367,-1.82029914855957,0.55169939994812
0.94301700592041,0.36444103717804,-0.17133529484272,-2.39344668388367,-1.41746711730957,0.148618772625923
0.949884593486786,0.368060171604156,-0.17133529484272,-1.58778262138367,-1.4146853685379,-0.655949890613556
0.953318357467651,0.371679306030273,-0.167675137519836,-1.18495059013367,-0.607828497886658,-1.05701959133148
0.953318357467651,0.371679306030273,-0.164014995098114,-1.18323683738708,0.197448834776878,-1.85958814620972
0.949884593486786,0.368060171604156,-0.16035483777523,-0.779277741909027,1.00115561485291,-1.85650289058685
0.936149418354034,0.368060171604156,-0.16035483777523,0.0263482723385096,1.80330073833466,-2.25559234619141
0.929281830787659,0.36444103717804,-0.16035483777523,0.428562164306641,2.20184445381165,-1.44753015041351
0.922414243221283,0.360821902751923,-0.156694680452347,0.427945375442505,3.00167322158813,-1.44514000415802
0.915546596050262,0.357202738523483,-0.156694680452347,0.427329927682877,2.99586033821106,-1.04058957099915
0.908679008483887,0.349964469671249,-0.156694680452347,0.0244626980274916,2.58801627159119,-0.234538808465004
0.901811420917511,0.346345335245132,-0.156694680452347,0.0244275685399771,1.77891361713409,0.168016657233238
0.898377656936646,0.342726200819016,-0.16035483777523,0.0243925172835588,1.37343180179596,0.569912016391754
0.898377656936646,0.339107036590576,-0.16035483777523,-0.377896875143051,0.968734204769135,1.37332260608673
0.908679008483887,0.342726200819016,-0.16035483777523,-0.377355426549911,0.966875672340393,1.37107634544373
0.915546596050262,0.339107036590576,-0.164014995098114,0.0254401359707117,-0.241157710552216,1.36883723735809
0.922414243221283,0.342726200819016,-0.164014995098114,0.0254037380218506,-0.642758846282959,0.964430153369904
0.925848007202148,0.349964469671249,-0.17133529484272,-0.376888692378998,-0.641532599925995,0.560683906078339
0.936149418354034,0.353583604097366,-0.17133529484272,-0.376350253820419,-0.640311002731323,-0.244581982493401
0.94301700592041,0.357202738523483,-0.167675137519836,-0.375812977552414,-0.237027585506439,-0.646363317966461
0.94301700592041,0.36444103717804,-0.164014995098114,-1.17979156970978,-0.23657788336277,-1.04749536514282
0.946450769901276,0.36444103717804,-0.167675137519836,-0.373594224452972,0.970077633857727,-1.44798099994659
0.946450769901276,0.368060171604156,-0.16035483777523,0.0291961580514908,1.3703145980835,-1.44564211368561
0.9395831823349,0.36444103717804,-0.16035483777523,0.431409329175949,1.76980102062225,-1.44331049919128
0.936149418354034,0.36444103717804,-0.156694680452347,0.8330397605896,2.16854119300842,-1.4409863948822
0.932715594768524,0.360821902751923,-0.156694680452347,1.23409307003021,2.96861410140991,-1.84085392951965
0.925848007202148,0.357202738523483,-0.156694680452347,1.63457083702087,2.96304368972778,-1.03352808952332
0.918980419635773,0.357202738523483,-0.156694680452347,1.63222169876099,2.95749378204346,-1.03187143802643
0.915546596050262,0.353583604097366,-0.156694680452347,2.03213119506836,2.95196437835693,-1.03022003173828
0.908679008483887,0.349964469671249,-0.156694680452347,1.62696123123169,2.54437494277954,-0.626385509967804
0.912112832069397,0.349964469671249,-0.156694680452347,2.02688264846802,2.13755345344543,-0.223196789622307
0.912112832069397,0.349964469671249,-0.156694680452347,1.6217235326767,2.13357877731323,0.179349079728127
0.915546596050262,0.349964469671249,-0.164014995098114,1.21714723110199,1.72753417491913,0.179063811898232
0.922414243221283,0.349964469671249,-0.164014995098114,1.21540689468384,1.32224762439728,0.178779259324074
0.925848007202148,0.353583604097366,-0.167675137519836,0.811413824558258,1.31980216503143,0.178495436906815
0.929281830787659,0.353583604097366,-0.17133529484272,0.407998383045197,0.915277242660522,0.178212344646454
0.932715594768524,0.357202738523483,-0.167675137519836,0.40741628408432,0.511500835418701,-0.626457512378693
0.9395831823349,0.357202738523483,-0.167675137519836,-0.39767998456955,0.912650883197784,-0.62546581029892
0.94301700592041,0.357202738523483,-0.167675137519836,0.407402813434601,1.31306612491608,-1.02667164802551
0.9395831823349,0.36444103717804,-0.17133529484272,-0.397694259881973,1.31065678596497,-1.02504944801331
0.9395831823349,0.360821902751923,-0.164014995098114,0.00513046747073531,1.71034896373749,-1.02343142032623
0.936149418354034,0.360821902751923,-0.167675137519836,0.00512317381799221,2.10931372642517,-1.42401421070099
0.929281830787659,0.357202738523483,-0.164014995098114,0.407375663518906,2.50755405426025,-1.42177057266235
0.925848007202148,0.357202738523483,-0.16035483777523,0.809057533740997,2.50297665596008,-1.41953265666962
0.918980419635773,0.353583604097366,-0.16035483777523,0.405649244785309,2.49841356277466,-1.01510179042816
0.915546596050262,0.353583604097366,-0.156694680452347,0.405074208974838,2.4938645362854,-0.611307859420776
0.915546596050262,0.353583604097366,-0.153034523129463,0.806761801242828,2.08722996711731,-0.208148598670959
0.918980419635773,0.353583604097366,-0.156694680452347,0.805619835853577,2.08343911170959,0.194378137588501
0.918980419635773,0.353583604097366,-0.156694680452347,1.20674240589142,1.67755877971649,0.194073602557182
0.922414243221283,0.353583604097366,-0.156694680452347,0.80277407169342,1.67451977729797,-0.208431661128998
0.918980419635773,0.349964469671249,-0.16035483777523,0.801640093326569,1.26938688755035,-0.208105713129044
0.922414243221283,0.349964469671249,-0.16035483777523,0.398241549730301,0.86498898267746,-0.207780584692955
0.922414243221283,0.353583604097366,-0.167675137519836,0.397672683000565,0.863427877426147,-0.20745624601841
0.925848007202148,0.353583604097366,-0.167675137519836,0.79935485124588,0.861871540546417,-0.20713272690773
0.932715594768524,0.357202738523483,-0.167675137519836,-0.0063000894151628,0.458213090896606,-0.206809997558594
0.932715594768524,0.360821902751923,-0.17133529484272,0.395956099033356,0.85949695110321,-0.206488072872162
0.936149418354034,0.360821902751923,-0.167675137519836,0.395377963781357,0.857953488826752,-0.608372509479523
0.9395831823349,0.36444103717804,-0.167675137519836,-0.00744311744347215,1.25852417945862,-1.0096333026886
0.932715594768524,0.36444103717804,-0.164014995098114,-0.00743213342502713,1.65838015079498,-1.00806593894958
0.929281830787659,0.360821902751923,-0.164014995098114,-0.00742110749706626,1.65541303157806,-1.40870976448059
0.918980419635773,0.357202738523483,-0.16035483777523,-0.0074100405909121,1.25034272670746,-0.602111279964447
0.918980419635773,0.357202738523483,-0.156694680452347,-0.00739893270656466,1.65022420883179,-0.198970705270767
0.922414243221283,0.360821902751923,-0.156694680452347,-0.00738778384402394,1.64728260040283,0.203544169664383
0.929281830787659,0.357202738523483,-0.156694680452347,-0.409598559141159,1.24223494529724,-0.198976323008537
0.932715594768524,0.357202738523483,-0.156694680452347,0.39546263217926,0.837910294532776,-0.600863039493561
0.922414243221283,0.349964469671249,-0.16035483777523,0.39485764503479,1.23852753639221,-0.59991466999054
0.918980419635773,0.349964469671249,-0.164014995098114,-0.410174816846848,0.834198117256165,-0.19677010178566
0.915546596050262,0.353583604097366,-0.164014995098114,-0.409541070461273,0.832697689533234,0.205733627080917
0.922414243221283,0.353583604097366,-0.164014995098114,-0.408905208110809,0.831194460391998,-0.196782916784286
0.922414243221283,0.353583604097366,-0.16035483777523,-0.810470759868622,0.427586197853088,-0.196466460824013
0.925848007202148,0.360821902751923,-0.164014995098114,-1.2114006280899,0.426808536052704,-0.196149080991745
0.925848007202148,0.360821902751923,-0.16035483777523,-1.20950329303741,-0.378167361021042,-0.195830762386322
0.929281830787659,0.360821902751923,-0.164014995098114,-1.20761060714722,0.024619922041893,-0.59768682718277
0.932715594768524,0.368060171604156,-0.16035483777523,-1.20572257041931,0.426677495241165,-0.596708118915558
0.929281830787659,0.36444103717804,-0.16035483777523,-0.801636517047882,0.425905406475067,-0.997896134853363
0.929281830787659,0.36444103717804,-0.156694680452347,-1.20258891582489,0.425135672092438,-0.996247529983521
0.925848007202148,0.36444103717804,-0.156694680452347,-0.396306067705154,0.424368292093277,-0.99459445476532
0.918980419635773,0.36444103717804,-0.156694680452347,0.00651579722762108,0.825709104537964,-0.992936968803406
0.918980419635773,0.360821902751923,-0.156694680452347,-0.79790461063385,0.824222385883331,-0.186959460377693
0.918980419635773,0.360821902751923,-0.156694680452347,-0.394458323717117,0.822732865810394,0.617664635181427
0.922414243221283,0.360821902751923,-0.16035483777523,0.00836068950593472,0.41913914680481,0.214469954371452
0.929281830787659,0.357202738523483,-0.16035483777523,-0.393859148025513,0.418376058340073,0.214106395840645
0.929281830787659,0.357202738523483,-0.167675137519836,-0.393248438835144,0.81970751285553,-0.188404366374016
0.918980419635773,0.353583604097366,-0.164014995098114,-1.19705522060394,0.0140176964923739,-0.59022581577301
0.908679008483887,0.353583604097366,-0.164014995098114,-1.19519174098969,0.0139918969944119,0.215068504214287
0.908679008483887,0.353583604097366,-0.16035483777523,-1.99774384498596,0.416054010391235,0.616841197013855
0.912112832069397,0.357202738523483,-0.156694680452347,-1.99463963508606,0.415282815694809,0.615784823894501
0.925848007202148,0.360821902751923,-0.156694680452347,-1.18712973594666,0.414510309696198,1.41901743412018
0.94301700592041,0.360821902751923,-0.156694680452347,-1.58749556541443,0.0116564705967903,0.21016164124012
0.936149418354034,0.360821902751923,-0.16035483777523,-1.58503556251526,0.0116346357390285,-1.39877510070801
0.922414243221283,0.357202738523483,-0.16035483777523,-1.58258152008057,0.0116127673536539,-0.994245171546936
0.918980419635773,0.357202738523483,-0.16035483777523,-1.98234236240387,0.0115908645093441,0.213886082172394
0.925848007202148,0.360821902751923,-0.156694680452347,-1.97927868366241,0.0115689290687442,0.615669071674347
0.929281830787659,0.360821902751923,-0.156694680452347,-1.57401251792908,0.0115469610318542,0.614623010158539
0.936149418354034,0.360821902751923,-0.156694680452347,-1.57158434391022,0.413589507341385,0.61357980966568
0.936149418354034,0.360821902751923,-0.156694680452347,-1.56916201114655,0.0107369106262922,-0.191758587956429
0.929281830787659,0.360821902751923,-0.156694680452347,-1.56674563884735,0.81483519077301,-0.191433846950531
0.922414243221283,0.357202738523483,-0.153034523129463,-1.16212284564972,0.813267350196838,-0.191110014915466
0.918980419635773,0.360821902751923,-0.14937436580658,-1.56254923343658,0.409642964601517,0.613515615463257
0.925848007202148,0.360821902751923,-0.153034523129463,-1.56014943122864,0.408849626779556,0.612480044364929
0.922414243221283,0.357202738523483,-0.153034523129463,-1.15553104877472,0.408055275678635,0.209294557571411
0.922414243221283,0.353583604097366,-0.153034523129463,-0.349324345588684,0.00521305948495865,0.208942055702209
0.922414243221283,0.357202738523483,-0.156694680452347,-1.15318822860718,0.407247245311737,1.01289916038513
0.936149418354034,0.357202738523483,-0.156694680452347,-0.346979916095734,-0.397635340690613,1.41335201263428
0.9395831823349,0.357202738523483,-0.156694680452347,-1.15083003044128,0.00518645718693733,0.204512029886246
0.932715594768524,0.357202738523483,-0.156694680452347,-0.344620257616043,-0.396860778331757,-0.19798743724823
0.929281830787659,0.360821902751923,-0.16035483777523,-0.74626487493515,-0.39607509970665,-0.1976557970047
0.918980419635773,0.360821902751923,-0.16035483777523,-1.14726281166077,-0.395288586616516,-0.197325050830841
0.925848007202148,0.357202738523483,-0.156694680452347,-0.74323707818985,0.00752840749919415,-0.196995228528976
0.929281830787659,0.357202738523483,-0.156694680452347,-0.339859753847122,0.00751336710527539,0.205493122339249
0.929281830787659,0.360821902751923,-0.156694680452347,-0.339315831661224,0.00749831227585673,-0.19700799882412
0.925848007202148,0.357202738523483,-0.153034523129463,-0.740961313247681,0.00748324301093817,0.20547741651535
0.929281830787659,0.360821902751923,-0.156694680452347,-0.337586164474487,0.0074681593105197,0.607280671596527
0.936149418354034,0.360821902751923,-0.156694680452347,-1.14140546321869,0.00745306257158518,0.20410144329071
0.929281830787659,0.357202738523483,-0.156694680452347,-0.73737621307373,0.00743795186281204,-0.600536704063416
0.918980419635773,0.353583604097366,-0.156694680452347,-0.333999395370483,0.409435778856277,-1.00165951251984
0.912112832069397,0.349964469671249,-0.156694680452347,-0.735626220703125,0.408600896596909,0.206484586000443
0.912112832069397,0.353583604097366,-0.153034523129463,-1.13658785820007,0.407765358686447,1.01042830944061
0.915546596050262,0.353583604097366,-0.153034523129463,-0.330377668142319,0.406929135322571,1.00871288776398
0.922414243221283,0.357202738523483,-0.153034523129463,-0.329830080270767,0.406092315912247,1.40915107727051
0.932715594768524,0.357202738523483,-0.153034523129463,-0.329281002283096,0.405254870653152,1.00461423397064
0.936149418354034,0.357202738523483,-0.156694680452347,-0.328730493783951,0.00241781724616885,0.198613569140434
0.929281830787659,0.357202738523483,-0.16035483777523,-0.328178524971008,0.00241280347108841,-0.606024384498596
0.922414243221283,0.360821902751923,-0.156694680452347,-0.729777872562408,-0.399586647748947,-0.202849298715591
0.925848007202148,0.357202738523483,-0.156694680452347,-0.728542149066925,0.405230790376663,0.601798057556152
0.929281830787659,0.360821902751923,-0.153034523129463,-0.32515624165535,0.404383629560471,0.198630824685097
0.936149418354034,0.357202738523483,-0.156694680452347,-0.726745188236237,0.40353599190712,0.60045063495636
0.929281830787659,0.360821902751923,-0.153034523129463,-0.725499153137207,0.804673254489899,0.197286412119865
0.932715594768524,0.357202738523483,-0.14937436580658,-0.724250078201294,0.400994449853897,-0.205200463533401
0.932715594768524,0.357202738523483,-0.153034523129463,-0.722998142242432,0.80212813615799,0.197300061583519
0.929281830787659,0.357202738523483,-0.14937436580658,-0.319610416889191,-0.00352842314168811,0.196969449520111
0.929281830787659,0.353583604097366,-0.153034523129463,0.0830765962600708,0.398455590009689,0.196639761328697
0.929281830787659,0.357202738523483,-0.153034523129463,0.082931250333786,0.397607177495956,-0.205847516655922
0.925848007202148,0.353583604097366,-0.156694680452347,-0.319338887929916,0.396758407354355,0.598814725875854
0.925848007202148,0.349964469671249,-0.153034523129463,0.0833459049463272,0.797879278659821,-0.206504225730896
0.918980419635773,0.349964469671249,-0.156694680452347,-0.318920582532883,0.796167433261871,0.196000605821609
0.915546596050262,0.353583604097366,-0.153034523129463,0.0837623402476311,0.794454991817474,0.195674285292625
0.925848007202148,0.353583604097366,-0.153034523129463,-0.318500548601151,0.390778571367264,0.999673008918762
0.929281830787659,0.357202738523483,-0.156694680452347,-0.317930221557617,0.389933913946152,0.998012244701385
0.932715594768524,0.360821902751923,-0.14937436580658,0.0847492069005966,0.389089018106461,0.19202721118927
0.932715594768524,0.357202738523483,-0.156694680452347,0.0845963060855865,0.79020094871521,-0.210451558232307
0.929281830787659,0.353583604097366,-0.156694680452347,-0.317659467458725,0.386525511741638,-0.210097402334213
0.929281830787659,0.353583604097366,-0.156694680452347,-0.317082107067108,0.38568189740181,-0.209742322564125
0.922414243221283,0.353583604097366,-0.156694680452347,0.0855934992432594,0.786788880825043,-0.209386363625526
0.925848007202148,0.353583604097366,-0.153034523129463,0.487531304359436,0.785063505172729,0.193115994334221
0.932715594768524,0.357202738523483,-0.153034523129463,0.0845436528325081,0.783337891101837,0.59492814540863
0.932715594768524,0.357202738523483,-0.156694680452347,0.888566136360168,0.781612038612366,-0.210373774170876
0.925848007202148,0.357202738523483,-0.156694680452347,0.886921763420105,0.77988600730896,-0.210010796785355
0.918980419635773,0.353583604097366,-0.16035483777523,0.483190715312958,0.77815979719162,-0.209646984934807
0.915546596050262,0.349964469671249,-0.164014995098114,0.482290208339691,0.77643346786499,0.997111797332764
0.922414243221283,0.353583604097366,-0.164014995098114,0.48138827085495,0.774707019329071,1.39751172065735
0.932715594768524,0.357202738523483,-0.16035483777523,0.882560968399048,0.371046274900436,0.590820550918579
0.932715594768524,0.353583604097366,-0.164014995098114,0.47882553935051,0.370217531919479,0.187662705779076
0.922414243221283,0.346345335245132,-0.164014995098114,0.477920800447464,0.369388788938522,-0.214796796441078
0.918980419635773,0.349964469671249,-0.16035483777523,0.0749464109539986,0.368560075759888,0.589845478534698
0.918980419635773,0.349964469671249,-0.156694680452347,-0.32726189494133,0.769657731056213,0.990962862968445
0.929281830787659,0.349964469671249,-0.156694680452347,-0.326637268066406,0.767923414707184,0.989253163337708
0.932715594768524,0.353583604097366,-0.156694680452347,0.0760488510131836,-0.037655420601368,0.987548291683197
0.936149418354034,0.353583604097366,-0.156694680452347,0.0759027376770973,-0.0375702008605003,0.58370977640152
0.936149418354034,0.353583604097366,-0.16035483777523,0.477811992168427,-0.0374849960207939,-0.221572667360306
0.936149418354034,0.353583604097366,-0.16035483777523,0.878941059112549,0.364516705274582,-0.623332321643829
0.925848007202148,0.349964469671249,-0.16035483777523,0.0731348395347595,0.363686501979828,-0.220122009515762
0.922414243221283,0.353583604097366,-0.156694680452347,0.475040525197983,0.362856447696686,-0.219744816422462
0.918980419635773,0.353583604097366,-0.156694680452347,0.474113076925278,0.763937294483185,0.182773843407631
0.929281830787659,0.353583604097366,-0.156694680452347,0.071141429245472,0.762186467647552,0.986747980117798
0.932715594768524,0.357202738523483,-0.14937436580658,0.875082850456238,0.760436117649078,0.18077464401722
0.936149418354034,0.357202738523483,-0.156694680452347,1.2753963470459,0.356781125068665,0.180466279387474
0.936149418354034,0.357202738523483,-0.156694680452347,0.870839416980743,0.75786155462265,-0.22198686003685
0.929281830787659,0.353583604097366,-0.156694680452347,1.27114582061768,0.756110489368439,-1.02590179443359
0.918980419635773,0.353583604097366,-0.16035483777523,1.26861751079559,0.75435996055603,-0.622010469436646
0.918980419635773,0.357202738523483,-0.16035483777523,0.864066064357758,0.350712478160858,0.183341726660728
0.925848007202148,0.349964469671249,-0.156694680452347,1.26438570022583,0.751793026924133,0.18303070962429
0.929281830787659,0.353583604097366,-0.156694680452347,1.26188206672668,0.750042140483856,0.182720556855202
0.932715594768524,0.349964469671249,-0.16035483777523,1.25938701629639,0.346399903297424,-0.219738900661469
0.922414243221283,0.353583604097366,-0.164014995098114,0.854863882064819,0.345590025186539,0.182783558964729
0.925848007202148,0.353583604097366,-0.156694680452347,0.853178560733795,0.344780474901199,0.182474851608276
0.925848007202148,0.353583604097366,-0.164014995098114,0.449455946683884,0.343971312046051,0.584319412708282
0.925848007202148,0.349964469671249,-0.164014995098114,0.448564410209656,-0.0587223246693611,0.181179910898209
0.925848007202148,0.346345335245132,-0.16035483777523,0.0456413999199867,0.745182037353516,0.985165059566498
0.929281830787659,0.349964469671249,-0.164014995098114,0.447578459978104,0.341541975736618,-0.222949489951134
0.925848007202148,0.349964469671249,-0.16035483777523,0.446682572364807,-0.0611451230943203,0.179573953151703
0.925848007202148,0.349964469671249,-0.156694680452347,0.0437625125050545,0.340877443552017,-0.222873523831367
0.925848007202148,0.349964469671249,-0.156694680452347,0.445695340633392,0.340068399906158,-0.222488075494766
0.929281830787659,0.353583604097366,-0.156694680452347,0.444795280694962,0.741133987903595,0.180030807852745
0.932715594768524,0.349964469671249,-0.16035483777523,0.0418782643973827,0.337496131658554,-0.222412794828415
0.932715594768524,0.349964469671249,-0.16035483777523,0.443807005882263,0.336690753698349,-0.222023501992226
0.936149418354034,0.353583604097366,-0.156694680452347,0.0408915132284164,0.335885852575302,-0.221633359789848
0.932715594768524,0.349964469671249,-0.156694680452347,0.442817091941833,0.335081458091736,-0.221242368221283
0.925848007202148,0.349964469671249,-0.156694680452347,0.0399031490087509,0.736143171787262,-0.220850557088852
0.922414243221283,0.353583604097366,-0.156694680452347,0.039821170270443,0.734373986721039,-0.220457926392555
0.925848007202148,0.349964469671249,-0.156694680452347,0.441741287708282,0.330743789672852,0.986274898052216
0.9395831823349,0.349964469671249,-0.153034523129463,0.440828680992126,0.731806695461273,0.180287286639214
0.932715594768524,0.353583604097366,-0.156694680452347,0.439915478229523,0.73003876209259,-1.02635991573334
0.925848007202148,0.349964469671249,-0.156694680452347,0.439001679420471,0.326414912939072,-0.220297515392303
0.929281830787659,0.349964469671249,-0.153034523129463,-0.365898668766022,0.325623661279678,0.182203829288483
0.925848007202148,0.353583604097366,-0.153034523129463,-0.365134477615356,0.726686894893646,0.18187253177166
0.929281830787659,0.349964469671249,-0.153034523129463,0.0376186110079288,0.724919438362122,0.181540623307228
0.929281830787659,0.346345335245132,-0.156694680452347,0.0375396236777306,0.723153352737427,0.181208103895187
0.936149418354034,0.349964469671249,-0.156694680452347,0.439444541931152,0.721388697624207,0.18087500333786
0.932715594768524,0.349964469671249,-0.156694680452347,0.438516974449158,-0.0840694010257721,-0.221547558903694
0.932715594768524,0.346345335245132,-0.156694680452347,0.437588930130005,0.719828009605408,-0.221137389540672
0.922414243221283,0.346345335245132,-0.156694680452347,0.0346831530332565,0.316218614578247,-0.220726534724236
0.922414243221283,0.346345335245132,-0.156694680452347,0.0346093736588955,0.315441906452179,0.181765973567963
0.925848007202148,0.346345335245132,-0.156694680452347,0.0345355607569218,0.314665853977203,0.583504259586334
0.925848007202148,0.353583604097366,-0.156694680452347,0.43643245100975,0.313890516757965,0.582408785820007
0.929281830787659,0.349964469671249,-0.16035483777523,0.435496926307678,0.313115835189819,0.179238483309746
0.929281830787659,0.346345335245132,-0.156694680452347,0.0325947143137455,0.312341868877411,0.580970227718353
0.932715594768524,0.346345335245132,-0.16035483777523,0.434488713741302,0.31156861782074,-0.224267646670341
0.932715594768524,0.353583604097366,-0.156694680452347,0.0315883308649063,0.310796082019806,-0.223840862512589
0.925848007202148,0.349964469671249,-0.156694680452347,0.0315199457108974,0.711855947971344,-0.625476360321045
0.925848007202148,0.346345335245132,-0.156694680452347,0.0314515456557274,0.308255314826965,-0.222217798233032
0.925848007202148,0.349964469671249,-0.156694680452347,0.0313831232488155,0.307487457990646,0.582324862480164
0.932715594768524,0.353583604097366,-0.156694680452347,0.433268278837204,0.708547472953796,0.581202030181885
0.936149418354034,0.349964469671249,-0.156694680452347,0.432321220636368,0.706777215003967,0.580077648162842
0.932715594768524,0.349964469671249,-0.16035483777523,0.431373983621597,0.705008745193481,0.176901638507843
0.929281830787659,0.346345335245132,-0.16035483777523,0.430426597595215,0.301419526338577,-0.225490510463715
0.925848007202148,0.346345335245132,-0.156694680452347,0.0275338180363178,0.300663113594055,-0.22505010664463
0.918980419635773,0.349964469671249,-0.156694680452347,0.42941626906395,0.701727092266083,-0.224609166383743
0.922414243221283,0.353583604097366,-0.156694680452347,0.428466558456421,0.298142820596695,0.579912900924683
0.925848007202148,0.349964469671249,-0.16035483777523,0.42751681804657,0.297391355037689,0.578769564628601
0.925848007202148,0.353583604097366,-0.16035483777523,0.426566988229752,0.698455929756165,0.577625036239624
0.925848007202148,0.346345335245132,-0.164014995098114,0.425617128610611,0.696690440177917,0.576479196548462
0.929281830787659,0.346345335245132,-0.16035483777523,0.42466726899147,0.293114602565765,0.575332164764404
0.925848007202148,0.346345335245132,-0.164014995098114,0.0217864010483027,0.292371600866318,0.574184000492096
0.929281830787659,0.342726200819016,-0.16035483777523,0.0217375624924898,-0.110180042684078,0.975060343742371
0.932715594768524,0.346345335245132,-0.164014995098114,0.0216887257993221,-0.10989997535944,0.973102807998657
0.9395831823349,0.346345335245132,-0.164014995098114,0.423564940690994,-0.109620235860348,0.167101576924324
0.94301700592041,0.349964469671249,-0.16035483777523,-0.38123694062233,0.292464435100555,-0.235254406929016
0.932715594768524,0.349964469671249,-0.16035483777523,0.0215462483465672,0.693521797657013,-0.636794090270996
0.929281830787659,0.346345335245132,-0.16035483777523,0.0214974209666252,-0.111855626106262,0.168526977300644
0.925848007202148,0.346345335245132,-0.156694680452347,-0.380468606948853,0.692032814025879,0.16818368434906
0.922414243221283,0.346345335245132,-0.156694680452347,0.0223125405609608,0.690259397029877,0.167840093374252
0.929281830787659,0.349964469671249,-0.156694680452347,0.42417499423027,1.09028649330139,0.569503009319305
0.936149418354034,0.349964469671249,-0.156694680452347,0.423205584287643,0.685688078403473,0.16632853448391
0.9395831823349,0.349964469671249,-0.156694680452347,0.422236412763596,0.683923959732056,-0.236016243696213
0.936149418354034,0.349964469671249,-0.156694680452347,0.421267449855804,0.682162046432495,-0.235528647899628
0.932715594768524,0.349964469671249,-0.156694680452347,0.420298725366592,0.680402457714081,-0.637038230895996
0.929281830787659,0.346345335245132,-0.16035483777523,0.419330269098282,0.678645133972168,-0.233719676733017
0.925848007202148,0.346345335245132,-0.156694680452347,0.418362081050873,0.676890075206757,-0.635231494903564
0.925848007202148,0.346345335245132,-0.156694680452347,0.417394191026688,0.675137400627136,-0.231918230652809
0.922414243221283,0.346345335245132,-0.153034523129463,0.416426628828049,0.271599382162094,0.170558914542198
0.925848007202148,0.349964469671249,-0.153034523129463,0.0135630220174789,0.672680675983429,-0.231789514422417
0.936149418354034,0.349964469671249,-0.156694680452347,0.415425986051559,0.269147276878357,-0.231305614113808
0.932715594768524,0.349964469671249,-0.16035483777523,0.41445729136467,0.268446892499924,-0.632810235023499
0.925848007202148,0.346345335245132,-0.16035483777523,0.815379858016968,0.267747461795807,-1.03346860408783
0.918980419635773,0.346345335245132,-0.167675137519836,0.411582082509995,0.267048984766006,-0.227325096726418
0.918980419635773,0.349964469671249,-0.164014995098114,0.00872952491044998,0.668131411075592,0.175136610865593
0.929281830787659,0.346345335245132,-0.164014995098114,0.0087090115994215,0.666384279727936,0.17476612329483
0.932715594768524,0.346345335245132,-0.164014995098114,0.00868850853294134,0.262862235307693,-0.227582186460495
0.932715594768524,0.349964469671249,-0.156694680452347,-0.393213868141174,0.663949310779572,-0.629073679447174
0.925848007202148,0.349964469671249,-0.16035483777523,0.00959544163197279,1.06398177146912,-0.627732574939728
0.925848007202148,0.346345335245132,-0.16035483777523,0.00957272481173277,1.06118631362915,0.177551209926605
0.922414243221283,0.346345335245132,-0.16035483777523,0.411426603794098,0.656622529029846,0.177170768380165
0.929281830787659,0.346345335245132,-0.156694680452347,-0.39330068230629,0.253122121095657,0.176790192723274
0.925848007202148,0.346345335245132,-0.16035483777523,0.00950865633785725,0.25245475769043,0.176409482955933
0.932715594768524,0.342726200819016,-0.16035483777523,-0.392385393381119,0.251788407564163,0.57799106836319
0.936149418354034,0.342726200819016,-0.16035483777523,-0.391447931528091,0.652890563011169,0.174779966473579
0.932715594768524,0.342726200819016,-0.156694680452347,-0.390511065721512,0.651163339614868,0.57635897397995
0.929281830787659,0.342726200819016,-0.153034523129463,-0.791441023349762,-0.154091522097588,0.575105607509613
0.932715594768524,0.342726200819016,-0.156694680452347,-0.387675642967224,-0.153682962059975,0.573851943016052
0.936149418354034,0.342726200819016,-0.156694680452347,-0.386742889881134,0.248487740755081,0.170646220445633
0.932715594768524,0.342726200819016,-0.156694680452347,-0.78767192363739,0.247827440500259,0.572222173213959
0.932715594768524,0.339107036590576,-0.156694680452347,-0.383910775184631,0.24716816842556,0.169018253684044
0.936149418354034,0.342726200819016,-0.153034523129463,-0.784840106964111,-0.155249327421188,0.168646320700645
0.936149418354034,0.346345335245132,-0.153034523129463,-0.381082624197006,-0.154835432767868,-0.23366916179657
0.929281830787659,0.339107036590576,-0.153034523129463,-0.380157858133316,0.64909166097641,-0.635093986988068
0.929281830787659,0.346345335245132,-0.153034523129463,0.0226190537214279,0.647357523441315,-0.231747314333916
0.932715594768524,0.346345335245132,-0.156694680452347,-0.379287242889404,0.24387152493,0.170704737305641
0.94301700592041,0.349964469671249,-0.156694680452347,0.023487376049161,-0.158534929156303,-0.231610581278801
0.94301700592041,0.346345335245132,-0.156694680452347,0.023429999127984,-0.158110037446022,-0.633027195930481
0.946450769901276,0.346345335245132,-0.156694680452347,0.425219029188156,0.244065433740616,-1.43548727035522
0.932715594768524,0.349964469671249,-0.156694680452347,0.424176901578903,0.243409961462021,-1.43229603767395
0.925848007202148,0.346345335245132,-0.156694680452347,0.423135608434677,0.644504606723785,-1.027179479599
0.922414243221283,0.349964469671249,-0.156694680452347,0.422095239162445,0.642770171165466,-0.622964382171631
0.929281830787659,0.349964469671249,-0.156694680452347,0.822895765304565,0.641038656234741,-0.219645604491234
0.929281830787659,0.346345335245132,-0.156694680452347,1.22271549701691,0.63931006193161,-1.02304637432098
0.929281830787659,0.346345335245132,-0.16035483777523,1.21971666812897,1.03932905197144,-1.02079200744629
0.925848007202148,0.349964469671249,-0.16035483777523,1.21673130989075,0.634777247905731,-1.01854658126831
0.925848007202148,0.346345335245132,-0.164014995098114,1.21375930309296,0.633060395717621,-1.01630997657776
0.918980419635773,0.342726200819016,-0.164014995098114,0.80895060300827,0.631346523761749,-1.01408219337463
0.915546596050262,0.342726200819016,-0.164014995098114,0.405130594968796,0.629635691642761,-0.20796200633049
0.918980419635773,0.342726200819016,-0.16035483777523,-0.399561047554016,0.627927780151367,0.194444343447685
0.922414243221283,0.346345335245132,-0.16035483777523,-0.398592948913574,0.22448456287384,-0.207933261990547
0.925848007202148,0.342726200819016,-0.16035483777523,-0.397629141807556,0.223874479532242,-0.207478731870651
0.925848007202148,0.339107036590576,-0.156694680452347,-0.39666959643364,-0.178470730781555,-0.207024127244949
0.922414243221283,0.346345335245132,-0.16035483777523,-0.39571425318718,0.223750397562981,-0.20657129585743
0.922414243221283,0.342726200819016,-0.164014995098114,-0.394763112068176,0.223140582442284,0.597784638404846
0.929281830787659,0.346345335245132,-0.16035483777523,-0.795681834220886,0.222531870007515,0.596481561660767
0.929281830787659,0.346345335245132,-0.16035483777523,-1.1956444978714,-0.179807856678963,0.595183610916138
0.936149418354034,0.342726200819016,-0.156694680452347,-1.1927877664566,-0.581047534942627,0.191933736205101
0.936149418354034,0.342726200819016,-0.153034523129463,-1.18994331359863,0.224002078175545,0.191517516970634
0.932715594768524,0.342726200819016,-0.153034523129463,-1.18711125850677,-0.178340315818787,0.191102892160416
0.932715594768524,0.342726200819016,-0.14937436580658,-0.782416343688965,-0.177851587533951,0.190689876675606
0.936149418354034,0.342726200819016,-0.14937436580658,-0.780561447143555,-0.177363753318787,0.190278455615044
0.936149418354034,0.346345335245132,-0.14937436580658,-0.778714597225189,0.224849283695221,0.189868614077568
0.94301700592041,0.346345335245132,-0.14937436580658,-0.374994933605194,0.625956594944,-0.212505489587784
0.94301700592041,0.349964469671249,-0.14937436580658,-0.374111086130142,0.624235093593597,-0.212047398090363
0.936149418354034,0.349964469671249,-0.14937436580658,-0.373231023550034,0.220793634653091,-1.01551222801208
0.932715594768524,0.349964469671249,-0.14937436580658,0.0295314956456423,0.621907591819763,-1.013312458992
0.932715594768524,0.349964469671249,-0.14937436580658,0.431346476078033,0.218471497297287,-0.609154760837555
0.932715594768524,0.349964469671249,-0.14937436580658,0.832220017910004,0.619588911533356,-0.607828736305237
0.936149418354034,0.346345335245132,-0.14937436580658,1.23215794563293,0.617877542972565,-1.00846457481384
0.936149418354034,0.346345335245132,-0.153034523129463,1.22927629947662,1.01788794994354,-1.0062769651413
0.929281830787659,0.342726200819016,-0.156694680452347,1.22640669345856,1.01507174968719,-1.80801701545715
0.922414243221283,0.346345335245132,-0.156694680452347,1.22354936599731,1.01226091384888,-1.0001859664917
0.922414243221283,0.346345335245132,-0.156694680452347,1.62259924411774,0.607739984989166,-0.194102078676224
0.922414243221283,0.342726200819016,-0.156694680452347,1.2169371843338,0.606054365634918,-0.595647931098938
0.929281830787659,0.346345335245132,-0.156694680452347,2.01791906356812,0.604372024536133,-0.996332287788391
0.922414243221283,0.346345335245132,-0.164014995098114,1.61135673522949,0.200980067253113,-0.994192838668823
0.925848007202148,0.346345335245132,-0.167675137519836,1.60764348506927,0.602133274078369,-0.590093076229095
0.932715594768524,0.342726200819016,-0.167675137519836,1.20204126834869,0.198746636509895,-0.588830173015594
0.929281830787659,0.346345335245132,-0.167675137519836,1.1992826461792,0.198193162679672,-0.185600742697716
0.925848007202148,0.346345335245132,-0.167675137519836,0.794626235961914,0.599350094795227,-0.587172389030457
0.922414243221283,0.346345335245132,-0.167675137519836,0.390898376703262,0.597678363323212,-0.183944493532181
0.925848007202148,0.346345335245132,-0.164014995098114,-0.41381910443306,0.194302409887314,0.218416348099709
0.929281830787659,0.346345335245132,-0.16035483777523,-0.412876397371292,0.193759605288506,0.217944994568825
0.932715594768524,0.342726200819016,-0.156694680452347,-0.0100215282291174,-0.208487913012505,-0.18448705971241
